HomSuccessProb = {0.20158759984636496, 0.14017850351124037, 
     0.18248019840128024, 0.1723092331761445, 0.16967425047924478, 
     0.17638960302991707, 0.17475612003065336, 0.17567632298146002, 
     0.18496482338632453, 0.17407520204362872, 0.1847673701887311, 
     0.17241127108007012, 0.184089503178896, 0.16824921533117554, 
     0.18319456176375487, 0.1815006654770623, 0.18179389575192284, 
     0.18379539545984466, 0.17991828104971283, 0.18422759425349422, 
     0.17687596214831433, 0.1844541858498923, 0.17565120149360408, 
     0.18298446166314294, 0.17387297297930904, 0.1821778984003401, 
     0.1715804146135307, 0.18183099346911658, 0.16990038055912457, 
     0.1810673782487687, 0.17991865817540242, 0.17840816071534807}
