SPrimeTable = {{{4.82852488690415, 0.17524125537582044, 1.9952849913449107, 
     -1.8169471547783926, -1.5401878973092586, 0., 0., 0., 0., 0.}, 
     {0.17524125537582122, 4.828524886904155, 1.9952849913449142, 
     1.8169471547783915, 1.5401878973092593, 0., 0., 0., 0., 0.}, 
     {1.9952849913449113, 1.995284991344913, 2.3215176898710226, 
     1.8994670266380332*^-15, -8.285245988882319*^-16, 0., 0., 0., 0., 0.}, 
     {-1.8169471547783926, 1.816947154778392, -5.046559914634971*^-16, 
     2.129150741790866, 1.4885872396246713, 0., 0., 0., 0., 0.}, 
     {-1.540187897309259, 1.5401878973092593, 4.891430016426935*^-16, 
     1.4885872396246722, 3.0804120810313593, 0., 0., 0., 0., 0.}, {0., 0., 
     0., 0., 0., 0.6553178683010875, -0.019983138815047843, 
     -0.5460539265992437, 0.513809860725298, 0.08935156358686559}, {0., 0., 
     0., 0., 0., -0.019983138815048634, 0.6553178683010864, 
     -0.5460539265992406, -0.5138098607252964, -0.08935156358686532}, {0., 
     0., 0., 0., 0., -0.546053926599244, -0.5460539265992405, 
     1.3693914210894815, -7.045815684137851*^-16, 2.192106665158941*^-16}, 
     {0., 0., 0., 0., 0., 0.5138098607252978, -0.5138098607252968, 
     -6.49807565736533*^-16, 1.491194949130007, -0.20680555013272256}, {0., 
     0., 0., 0., 0., 0.08935156358686502, -0.08935156358686523, 
     -2.22533403060309*^-16, -0.20680555013272253, 0.513919714327763}}, 
     {{5.523734780700771, 0.16945812324710155, 2.072143160888929, 
     -1.9212501534692168, -1.5731047598675147, 0., 0., 0., 0., 0.}, 
     {0.16945812324710127, 5.523734780700779, 2.072143160888928, 
     1.9212501534692172, 1.5731047598675154, 0., 0., 0., 0., 0.}, 
     {2.0721431608889285, 2.072143160888929, 2.146423673611428, 
     -1.4140404676889345*^-16, -2.071607260023593*^-15, 0., 0., 0., 0., 0.}, 
     {-1.921250153469218, 1.9212501534692175, 1.1319177538680288*^-15, 
     2.00546461484063, 1.3380569940358464, 0., 0., 0., 0., 0.}, 
     {-1.5731047598675145, 1.5731047598675154, -1.2677333157441078*^-15, 
     1.3380569940358478, 3.3381296074607154, 0., 0., 0., 0., 0.}, {0., 0., 
     0., 0., 0., 0.6072182604170309, -0.01631570501743263, 
     -0.5704534030147533, 0.547802888277872, 0.07426097608575188}, {0., 0., 
     0., 0., 0., -0.016315705017433433, 0.6072182604170316, 
     -0.5704534030147516, -0.5478028882778703, -0.07426097608575274}, {0., 
     0., 0., 0., 0., -0.5704534030147536, -0.5704534030147512, 
     1.5673151003154018, -1.9529746916227774*^-15, 2.2379950908533363*^-16}, 
     {0., 0., 0., 0., 0., 0.5478028882778718, -0.5478028882778703, 
     -2.0224729620948925*^-15, 1.6432201951116046, -0.14236104305529015}, 
     {0., 0., 0., 0., 0., 0.07426097608575248, -0.0742609760857531, 
     5.695303241013592*^-16, -0.14236104305529024, 0.42662447139897014}}, 
     {{6.1576994071367555, 0.16185378317359972, 2.1287610803984216, 
     -1.9993536830332979, -1.5898120885633216, 0., 0., 0., 0., 0.}, 
     {0.16185378317359977, 6.157699407136764, 2.1287610803984234, 
     1.9993536830333027, 1.589812088563327, 0., 0., 0., 0., 0.}, 
     {2.1287610803984207, 2.128761080398423, 2.006669358693486, 
     -4.3744553905091657*^-16, -3.4103507484600017*^-16, 0., 0., 0., 0., 0.}, 
     {-1.9993536830332985, 1.9993536830333039, 2.684421128569739*^-15, 
     1.898939923800354, 1.2203139989514726, 0., 0., 0., 0., 0.}, 
     {-1.5898120885633225, 1.589812088563327, 2.0640767694342925*^-15, 
     1.2203139989514733, 3.6183089863510993, 0., 0., 0., 0., 0.}, {0., 0., 
     0., 0., 0., 0.5680049690138245, -0.013370950332227094, 
     -0.5883795991199473, 0.5719154164654071, 0.06256018391490355}, {0., 0., 
     0., 0., 0., -0.01337095033222749, 0.5680049690138245, 
     -0.5883795991199481, -0.5719154164654078, -0.06256018391490362}, {0., 
     0., 0., 0., 0., -0.5883795991199476, -0.5883795991199482, 
     1.746694923620113, 2.5344184861323942*^-15, -4.1280471051581234*^-16}, 
     {0., 0., 0., 0., 0., 0.5719154164654066, -0.5719154164654077, 
     2.2121818668464532*^-15, 1.7975427762202603, -0.10366459290395692}, {0., 
     0., 0., 0., 0., 0.06256018391490421, -0.06256018391490369, 
     2.1216127612810528*^-16, -0.10366459290395683, 0.3663095750576697}}, 
     {{6.743395067055107, 0.15317438211049905, 2.1722488154946253, 
     -2.060357934526771, -1.593556037137306, 0., 0., 0., 0., 0.}, 
     {0.1531743821105002, 6.7433950670551015, 2.1722488154946205, 
     2.060357934526766, 1.5935560371373032, 0., 0., 0., 0., 0.}, 
     {2.1722488154946245, 2.1722488154946222, 1.8915178381491389, 
     8.584648353006371*^-16, -3.2439490438945546*^-15, 0., 0., 0., 0., 0.}, 
     {-2.0603579345267717, 2.060357934526765, 1.9489941329490285*^-15, 
     1.8069359882701308, 1.122498223798773, 0., 0., 0., 0., 0.}, 
     {-1.5935560371373072, 1.5935560371373023, -1.074170025961987*^-15, 
     1.1224982237987733, 3.9379086606513236, 0., 0., 0., 0., 0.}, {0., 0., 
     0., 0., 0., 0.5352476561658722, -0.01094081308904367, 
     -0.6021222194466892, 0.5899532424246738, 0.05286066381628714}, {0., 0., 
     0., 0., 0., -0.010940813089045143, 0.5352476561658732, 
     -0.6021222194466883, -0.5899532424246744, -0.0528606638162874}, {0., 0., 
     0., 0., 0., -0.6021222194466895, -0.6021222194466874, 
     1.9116491967584603, -1.036098056964761*^-16, 1.5607975034387404*^-16}, 
     {0., 0., 0., 0., 0., 0.5899532424246741, -0.5899532424246748, 
     -3.085784974198361*^-16, 1.9469587112167204, -0.07750575730994921}, {0., 
     0., 0., 0., 0., 0.05286066381628606, -0.052860663816289, 
     -6.992918511933461*^-16, -0.07750575730994932, 0.3188171801349007}}, 
     {{7.290066146405454, 0.14369328370297454, 2.2067193676670867, 
     -2.1096155743155296, -1.5856227742499966, 0., 0., 0., 0., 0.}, 
     {0.14369328370297285, 7.290066146405452, 2.2067193676670898, 
     2.109615574315523, 1.5856227742499918, 0., 0., 0., 0., 0.}, 
     {2.2067193676670884, 2.2067193676670875, 1.7943937585668983, 
     5.968155909230097*^-15, -7.463349812765888*^-16, 0., 0., 0., 0., 0.}, 
     {-2.109615574315529, 2.1096155743155234, 2.4492624564403088*^-15, 
     1.7268437376856767, 1.0373642845618058, 0., 0., 0., 0., 0.}, 
     {-1.5856227742499949, 1.5856227742499902, -2.7324515131787274*^-15, 
     1.0373642845618074, 4.316318524847426, 0., 0., 0., 0., 0.}, {0., 0., 0., 
     0., 0., 0.507356685068422, -0.00889608360752913, -0.6129996039114739, 
     0.6039549699739077, 0.04449644548752572}, {0., 0., 0., 0., 0., 
     -0.00889608360753039, 0.5073566850684205, -0.6129996039114712, 
     -0.6039549699739051, -0.04449644548752558}, {0., 0., 0., 0., 0., 
     -0.612999603911474, -0.6129996039114707, 2.065007292271662, 
     -2.5344931169232375*^-15, 1.0205908622440788*^-16}, {0., 0., 0., 0., 0., 
     0.603954969973907, -0.6039549699739055, -2.705104546538392*^-15, 
     2.089918411652636, -0.05854924895315067}, {0., 0., 0., 0., 0., 
     0.04449644548752387, -0.0444964454875245, -3.0533538609464084*^-16, 
     -0.05854924895314993, 0.27844239193880693}}, {{7.804010564674693, 
     0.13400048494778657, 2.2347237610129236, -2.150138642809011, 
     -1.5691961334209694, 0., 0., 0., 0., 0.}, {0.13400048494778766, 
     7.804010564674686, 2.2347237610129262, 2.150138642809013, 
     1.569196133420969, 0., 0., 0., 0., 0.}, {2.234723761012923, 
     2.234723761012928, 1.7109809726255076, -7.653062208783805*^-15, 
     -2.9423472168380194*^-15, 0., 0., 0., 0., 0.}, {-2.1501386428090137, 
     2.150138642809011, -3.967112357136408*^-15, 1.6562605051685944, 
     0.9623124425962452, 0., 0., 0., 0., 0.}, {-1.5691961334209705, 
     1.5691961334209668, -2.745830369200484*^-15, 0.9623124425962456, 
     4.752736929062739, 0., 0., 0., 0., 0.}, {0., 0., 0., 0., 0., 
     0.4833094421710533, -0.007217713653550143, -0.6218266100920832, 
     0.6150537447053066, 0.03742253095790515}, {0., 0., 0., 0., 0., 
     -0.00721771365355009, 0.48330944217105315, -0.62182661009208, 
     -0.6150537447053043, -0.03742253095790433}, {0., 0., 0., 0., 0., 
     -0.6218266100920831, -0.6218266100920803, 2.2088038745437086, 
     -1.8768383046628865*^-15, 3.856334763467524*^-16}, {0., 0., 0., 0., 0., 
     0.6150537447053066, -0.6150537447053045, -1.4705135310064817*^-15, 
     2.226653916105703, -0.044702001377291335}, {0., 0., 0., 0., 0., 
     0.037422530957903107, -0.03742253095790386, 1.0592214474402119*^-16, 
     -0.044702001377290426, 0.2441674957437863}}, {{8.290880145139699, 
     0.12360130082920083, 2.2579306893087976, -2.1845163684005966, 
     -1.541319686446909, 0., 0., 0., 0., 0.}, {0.12360130082920168, 
     8.290880145139708, 2.2579306893087967, 2.1845163684005984, 
     1.5413196864469156, 0., 0., 0., 0., 0.}, {2.2579306893087967, 
     2.2579306893087963, 1.6383003034465762, -1.9195670085201943*^-15, 
     5.457871344127772*^-16, 0., 0., 0., 0., 0.}, {-2.1845163684005975, 
     2.1845163684005997, -1.0163532034803382*^-16, 1.5937871918653266, 
     0.8922716733954329, 0., 0., 0., 0., 0.}, {-1.5413196864469094, 
     1.541319686446918, 1.8545668113161204*^-15, 0.8922716733954335, 
     5.294757962062763, 0., 0., 0., 0., 0.}, {0., 0., 0., 0., 0., 
     0.462256921590082, -0.005771778948008753, -0.6291348482428273, 
     0.6241067308843312, 0.031070181866050196}, {0., 0., 0., 0., 0., 
     -0.005771778948007288, 0.46225692159008086, -0.6291348482428261, 
     -0.6241067308843299, -0.031070181866049675}, {0., 0., 0., 0., 0., 
     -0.6291348482428267, -0.6291348482428265, 2.3445553632880984, 
     -3.1918729022859815*^-15, 8.757871539095719*^-16}, {0., 0., 0., 0., 0., 
     0.6241067308843319, -0.6241067308843293, -2.7998583176789716*^-15, 
     2.3572654225681604, -0.03388732459643767}, {0., 0., 0., 0., 0., 
     0.031070181866049273, -0.031070181866049686, 6.084961697841295*^-16, 
     -0.033887324596437424, 0.2126659752600183}}, {{8.753138269472727, 
     0.11400229695035294, 2.2774786689774245, -2.213348110587379, 
     -1.5112097688588566, 0., 0., 0., 0., 0.}, {0.11400229695035193, 
     8.753138269472709, 2.277478668977427, 2.2133481105873742, 
     1.5112097688588502, 0., 0., 0., 0., 0.}, {2.277478668977426, 
     2.2774786689774262, 1.5742146522025973, -5.9660169709453745*^-15, 
     -2.0433555203904394*^-15, 0., 0., 0., 0., 0.}, {-2.2133481105873782, 
     2.213348110587376, -1.1016481912045833*^-14, 1.5375021310201182, 
     0.8308052878568619, 0., 0., 0., 0., 0.}, {-1.5112097688588573, 
     1.5112097688588497, -3.852953501917451*^-15, 0.83080528785686, 
     5.8797633382333725, 0., 0., 0., 0., 0.}, {0., 0., 0., 0., 0., 
     0.44377413073477945, -0.004658294571091786, -0.6352862671387874, 
     0.6314877510108714, 0.026026914730315306}, {0., 0., 0., 0., 0., 
     -0.004658294571094019, 0.4437741307347822, -0.6352862671387873, 
     -0.6314877510108728, -0.026026914730314425}, {0., 0., 0., 0., 0., 
     -0.6352862671387877, -0.6352862671387869, 2.4734249797242214, 
     2.6809056791164663*^-15, -2.637109542042905*^-17}, {0., 0., 0., 0., 0., 
     0.6314877510108707, -0.6314877510108734, 2.4824739161431742*^-15, 
     2.4827075343155736, -0.0261958895905227}, {0., 0., 0., 0., 0., 
     0.026026914730316115, -0.026026914730314706, 2.1440139994178977*^-16, 
     -0.0261958895905229, 0.18715514143635156}}, {{9.196274650613917, 
     0.10284108343168089, 2.2941715895749346, -2.2391331742866303, 
     -1.4632209701309014, 0., 0., 0., 0., 0.}, {0.10284108343168115, 
     9.1962746506139, 2.2941715895749315, 2.239133174286627, 
     1.4632209701308945, 0., 0., 0., 0., 0.}, {2.2941715895749346, 
     2.2941715895749324, 1.5171431828712636, 3.0482017146410188*^-15, 
     -4.150454300890639*^-16, 0., 0., 0., 0., 0.}, {-2.2391331742866285, 
     2.239133174286626, -2.14165030404762*^-16, 1.4872585585643796, 
     0.7673312438272666, 0., 0., 0., 0., 0.}, {-1.4632209701308991, 
     1.4632209701308927, -3.261309103447926*^-15, 0.7673312438272673, 
     6.691056636570663, 0., 0., 0., 0., 0.}, {0., 0., 0., 0., 0., 
     0.4272118158089546, -0.003623261484784255, -0.6405360008015013, 
     0.6377666661166015, 0.02107718380540154}, {0., 0., 0., 0., 0., 
     -0.003623261484787517, 0.42721181580895284, -0.6405360008014985, 
     -0.6377666661165966, -0.021077183805401883}, {0., 0., 0., 0., 0., 
     -0.6405360008015023, -0.6405360008014972, 2.596326460646079, 
     -5.164757504866064*^-15, 1.4894908232491407*^-16}, {0., 0., 0., 0., 0., 
     0.6377666661166004, -0.6377666661165975, -5.6196623986199855*^-15, 
     2.6028394353942095, -0.019556388284617903}, {0., 0., 0., 0., 0., 
     0.021077183805402733, -0.02107718380540196, 3.3255822035039954*^-16, 
     -0.019556388284618326, 0.16091440274667493}}, {{9.6245571523084, 
     0.08836168251418987, 2.308593479604893, -2.2634521999963138, 
     -1.381040230865799, 0., 0., 0., 0., 0.}, {0.08836168251419006, 
     9.624557152308412, 2.308593479604889, 2.2634521999963204, 
     1.381040230865805, 0., 0., 0., 0., 0.}, {2.3085934796048897, 
     2.308593479604889, 1.4658867212591071, -5.341947309646242*^-16, 
     -4.524774074232333*^-17, 0., 0., 0., 0., 0.}, {-2.2634521999963164, 
     2.2634521999963177, 1.448633523011037*^-14, 1.4425626129556277, 
     0.6932625563800034, 0., 0., 0., 0., 0.}, {-1.3810402308657994, 
     1.3810402308658045, -7.953711342425674*^-16, 0.6932625563800032, 
     8.014452524676093, 0., 0., 0., 0., 0.}, {0., 0., 0., 0., 0., 
     0.4121942530786265, -0.0025949436072752615, -0.645069145782292, 
     0.6432139242510169, 0.01583694433717867}, {0., 0., 0., 0., 0., 
     -0.002594943607278365, 0.41219425307863555, -0.6450691457822902, 
     -0.6432139242510141, -0.015836944337181674}, {0., 0., 0., 0., 0., 
     -0.6450691457822926, -0.6450691457822897, 2.7139920090669576, 
     1.7971889922580576*^-15, -9.296538505921313*^-16}, {0., 0., 0., 0., 0., 
     0.6432139242510165, -0.6432139242510152, 1.3871333349909976*^-15, 
     2.718142603954953, -0.013447940081237453}, {0., 0., 0., 0., 0., 
     0.015836944337179568, -0.015836944337179873, -4.461483057600643*^-16, 
     -0.013447940081237406, 0.131395858245299}}}
SPrimeTable = {{{4.82852488690415, 0.17524125537582044, 1.9952849913449107, 
     -1.8169471547783926, -1.5401878973092586, 0., 0., 0., 0., 0.}, 
     {0.17524125537582122, 4.828524886904155, 1.9952849913449142, 
     1.8169471547783915, 1.5401878973092593, 0., 0., 0., 0., 0.}, 
     {1.9952849913449113, 1.995284991344913, 2.3215176898710226, 
     1.8994670266380332*^-15, -8.285245988882319*^-16, 0., 0., 0., 0., 0.}, 
     {-1.8169471547783926, 1.816947154778392, -5.046559914634971*^-16, 
     2.129150741790866, 1.4885872396246713, 0., 0., 0., 0., 0.}, 
     {-1.540187897309259, 1.5401878973092593, 4.891430016426935*^-16, 
     1.4885872396246722, 3.0804120810313593, 0., 0., 0., 0., 0.}, {0., 0., 
     0., 0., 0., 0.6553178683010875, -0.019983138815047843, 
     -0.5460539265992437, 0.513809860725298, 0.08935156358686559}, {0., 0., 
     0., 0., 0., -0.019983138815048634, 0.6553178683010864, 
     -0.5460539265992406, -0.5138098607252964, -0.08935156358686532}, {0., 
     0., 0., 0., 0., -0.546053926599244, -0.5460539265992405, 
     1.3693914210894815, -7.045815684137851*^-16, 2.192106665158941*^-16}, 
     {0., 0., 0., 0., 0., 0.5138098607252978, -0.5138098607252968, 
     -6.49807565736533*^-16, 1.491194949130007, -0.20680555013272256}, {0., 
     0., 0., 0., 0., 0.08935156358686502, -0.08935156358686523, 
     -2.22533403060309*^-16, -0.20680555013272253, 0.513919714327763}}, 
     {{5.523734780700771, 0.16945812324710155, 2.072143160888929, 
     -1.9212501534692168, -1.5731047598675147, 0., 0., 0., 0., 0.}, 
     {0.16945812324710127, 5.523734780700779, 2.072143160888928, 
     1.9212501534692172, 1.5731047598675154, 0., 0., 0., 0., 0.}, 
     {2.0721431608889285, 2.072143160888929, 2.146423673611428, 
     -1.4140404676889345*^-16, -2.071607260023593*^-15, 0., 0., 0., 0., 0.}, 
     {-1.921250153469218, 1.9212501534692175, 1.1319177538680288*^-15, 
     2.00546461484063, 1.3380569940358464, 0., 0., 0., 0., 0.}, 
     {-1.5731047598675145, 1.5731047598675154, -1.2677333157441078*^-15, 
     1.3380569940358478, 3.3381296074607154, 0., 0., 0., 0., 0.}, {0., 0., 
     0., 0., 0., 0.6072182604170309, -0.01631570501743263, 
     -0.5704534030147533, 0.547802888277872, 0.07426097608575188}, {0., 0., 
     0., 0., 0., -0.016315705017433433, 0.6072182604170316, 
     -0.5704534030147516, -0.5478028882778703, -0.07426097608575274}, {0., 
     0., 0., 0., 0., -0.5704534030147536, -0.5704534030147512, 
     1.5673151003154018, -1.9529746916227774*^-15, 2.2379950908533363*^-16}, 
     {0., 0., 0., 0., 0., 0.5478028882778718, -0.5478028882778703, 
     -2.0224729620948925*^-15, 1.6432201951116046, -0.14236104305529015}, 
     {0., 0., 0., 0., 0., 0.07426097608575248, -0.0742609760857531, 
     5.695303241013592*^-16, -0.14236104305529024, 0.42662447139897014}}, 
     {{6.1576994071367555, 0.16185378317359972, 2.1287610803984216, 
     -1.9993536830332979, -1.5898120885633216, 0., 0., 0., 0., 0.}, 
     {0.16185378317359977, 6.157699407136764, 2.1287610803984234, 
     1.9993536830333027, 1.589812088563327, 0., 0., 0., 0., 0.}, 
     {2.1287610803984207, 2.128761080398423, 2.006669358693486, 
     -4.3744553905091657*^-16, -3.4103507484600017*^-16, 0., 0., 0., 0., 0.}, 
     {-1.9993536830332985, 1.9993536830333039, 2.684421128569739*^-15, 
     1.898939923800354, 1.2203139989514726, 0., 0., 0., 0., 0.}, 
     {-1.5898120885633225, 1.589812088563327, 2.0640767694342925*^-15, 
     1.2203139989514733, 3.6183089863510993, 0., 0., 0., 0., 0.}, {0., 0., 
     0., 0., 0., 0.5680049690138245, -0.013370950332227094, 
     -0.5883795991199473, 0.5719154164654071, 0.06256018391490355}, {0., 0., 
     0., 0., 0., -0.01337095033222749, 0.5680049690138245, 
     -0.5883795991199481, -0.5719154164654078, -0.06256018391490362}, {0., 
     0., 0., 0., 0., -0.5883795991199476, -0.5883795991199482, 
     1.746694923620113, 2.5344184861323942*^-15, -4.1280471051581234*^-16}, 
     {0., 0., 0., 0., 0., 0.5719154164654066, -0.5719154164654077, 
     2.2121818668464532*^-15, 1.7975427762202603, -0.10366459290395692}, {0., 
     0., 0., 0., 0., 0.06256018391490421, -0.06256018391490369, 
     2.1216127612810528*^-16, -0.10366459290395683, 0.3663095750576697}}, 
     {{6.743395067055107, 0.15317438211049905, 2.1722488154946253, 
     -2.060357934526771, -1.593556037137306, 0., 0., 0., 0., 0.}, 
     {0.1531743821105002, 6.7433950670551015, 2.1722488154946205, 
     2.060357934526766, 1.5935560371373032, 0., 0., 0., 0., 0.}, 
     {2.1722488154946245, 2.1722488154946222, 1.8915178381491389, 
     8.584648353006371*^-16, -3.2439490438945546*^-15, 0., 0., 0., 0., 0.}, 
     {-2.0603579345267717, 2.060357934526765, 1.9489941329490285*^-15, 
     1.8069359882701308, 1.122498223798773, 0., 0., 0., 0., 0.}, 
     {-1.5935560371373072, 1.5935560371373023, -1.074170025961987*^-15, 
     1.1224982237987733, 3.9379086606513236, 0., 0., 0., 0., 0.}, {0., 0., 
     0., 0., 0., 0.5352476561658722, -0.01094081308904367, 
     -0.6021222194466892, 0.5899532424246738, 0.05286066381628714}, {0., 0., 
     0., 0., 0., -0.010940813089045143, 0.5352476561658732, 
     -0.6021222194466883, -0.5899532424246744, -0.0528606638162874}, {0., 0., 
     0., 0., 0., -0.6021222194466895, -0.6021222194466874, 
     1.9116491967584603, -1.036098056964761*^-16, 1.5607975034387404*^-16}, 
     {0., 0., 0., 0., 0., 0.5899532424246741, -0.5899532424246748, 
     -3.085784974198361*^-16, 1.9469587112167204, -0.07750575730994921}, {0., 
     0., 0., 0., 0., 0.05286066381628606, -0.052860663816289, 
     -6.992918511933461*^-16, -0.07750575730994932, 0.3188171801349007}}, 
     {{7.290066146405454, 0.14369328370297454, 2.2067193676670867, 
     -2.1096155743155296, -1.5856227742499966, 0., 0., 0., 0., 0.}, 
     {0.14369328370297285, 7.290066146405452, 2.2067193676670898, 
     2.109615574315523, 1.5856227742499918, 0., 0., 0., 0., 0.}, 
     {2.2067193676670884, 2.2067193676670875, 1.7943937585668983, 
     5.968155909230097*^-15, -7.463349812765888*^-16, 0., 0., 0., 0., 0.}, 
     {-2.109615574315529, 2.1096155743155234, 2.4492624564403088*^-15, 
     1.7268437376856767, 1.0373642845618058, 0., 0., 0., 0., 0.}, 
     {-1.5856227742499949, 1.5856227742499902, -2.7324515131787274*^-15, 
     1.0373642845618074, 4.316318524847426, 0., 0., 0., 0., 0.}, {0., 0., 0., 
     0., 0., 0.507356685068422, -0.00889608360752913, -0.6129996039114739, 
     0.6039549699739077, 0.04449644548752572}, {0., 0., 0., 0., 0., 
     -0.00889608360753039, 0.5073566850684205, -0.6129996039114712, 
     -0.6039549699739051, -0.04449644548752558}, {0., 0., 0., 0., 0., 
     -0.612999603911474, -0.6129996039114707, 2.065007292271662, 
     -2.5344931169232375*^-15, 1.0205908622440788*^-16}, {0., 0., 0., 0., 0., 
     0.603954969973907, -0.6039549699739055, -2.705104546538392*^-15, 
     2.089918411652636, -0.05854924895315067}, {0., 0., 0., 0., 0., 
     0.04449644548752387, -0.0444964454875245, -3.0533538609464084*^-16, 
     -0.05854924895314993, 0.27844239193880693}}, {{7.804010564674693, 
     0.13400048494778657, 2.2347237610129236, -2.150138642809011, 
     -1.5691961334209694, 0., 0., 0., 0., 0.}, {0.13400048494778766, 
     7.804010564674686, 2.2347237610129262, 2.150138642809013, 
     1.569196133420969, 0., 0., 0., 0., 0.}, {2.234723761012923, 
     2.234723761012928, 1.7109809726255076, -7.653062208783805*^-15, 
     -2.9423472168380194*^-15, 0., 0., 0., 0., 0.}, {-2.1501386428090137, 
     2.150138642809011, -3.967112357136408*^-15, 1.6562605051685944, 
     0.9623124425962452, 0., 0., 0., 0., 0.}, {-1.5691961334209705, 
     1.5691961334209668, -2.745830369200484*^-15, 0.9623124425962456, 
     4.752736929062739, 0., 0., 0., 0., 0.}, {0., 0., 0., 0., 0., 
     0.4833094421710533, -0.007217713653550143, -0.6218266100920832, 
     0.6150537447053066, 0.03742253095790515}, {0., 0., 0., 0., 0., 
     -0.00721771365355009, 0.48330944217105315, -0.62182661009208, 
     -0.6150537447053043, -0.03742253095790433}, {0., 0., 0., 0., 0., 
     -0.6218266100920831, -0.6218266100920803, 2.2088038745437086, 
     -1.8768383046628865*^-15, 3.856334763467524*^-16}, {0., 0., 0., 0., 0., 
     0.6150537447053066, -0.6150537447053045, -1.4705135310064817*^-15, 
     2.226653916105703, -0.044702001377291335}, {0., 0., 0., 0., 0., 
     0.037422530957903107, -0.03742253095790386, 1.0592214474402119*^-16, 
     -0.044702001377290426, 0.2441674957437863}}, {{8.290880145139699, 
     0.12360130082920083, 2.2579306893087976, -2.1845163684005966, 
     -1.541319686446909, 0., 0., 0., 0., 0.}, {0.12360130082920168, 
     8.290880145139708, 2.2579306893087967, 2.1845163684005984, 
     1.5413196864469156, 0., 0., 0., 0., 0.}, {2.2579306893087967, 
     2.2579306893087963, 1.6383003034465762, -1.9195670085201943*^-15, 
     5.457871344127772*^-16, 0., 0., 0., 0., 0.}, {-2.1845163684005975, 
     2.1845163684005997, -1.0163532034803382*^-16, 1.5937871918653266, 
     0.8922716733954329, 0., 0., 0., 0., 0.}, {-1.5413196864469094, 
     1.541319686446918, 1.8545668113161204*^-15, 0.8922716733954335, 
     5.294757962062763, 0., 0., 0., 0., 0.}, {0., 0., 0., 0., 0., 
     0.462256921590082, -0.005771778948008753, -0.6291348482428273, 
     0.6241067308843312, 0.031070181866050196}, {0., 0., 0., 0., 0., 
     -0.005771778948007288, 0.46225692159008086, -0.6291348482428261, 
     -0.6241067308843299, -0.031070181866049675}, {0., 0., 0., 0., 0., 
     -0.6291348482428267, -0.6291348482428265, 2.3445553632880984, 
     -3.1918729022859815*^-15, 8.757871539095719*^-16}, {0., 0., 0., 0., 0., 
     0.6241067308843319, -0.6241067308843293, -2.7998583176789716*^-15, 
     2.3572654225681604, -0.03388732459643767}, {0., 0., 0., 0., 0., 
     0.031070181866049273, -0.031070181866049686, 6.084961697841295*^-16, 
     -0.033887324596437424, 0.2126659752600183}}, {{8.753138269472727, 
     0.11400229695035294, 2.2774786689774245, -2.213348110587379, 
     -1.5112097688588566, 0., 0., 0., 0., 0.}, {0.11400229695035193, 
     8.753138269472709, 2.277478668977427, 2.2133481105873742, 
     1.5112097688588502, 0., 0., 0., 0., 0.}, {2.277478668977426, 
     2.2774786689774262, 1.5742146522025973, -5.9660169709453745*^-15, 
     -2.0433555203904394*^-15, 0., 0., 0., 0., 0.}, {-2.2133481105873782, 
     2.213348110587376, -1.1016481912045833*^-14, 1.5375021310201182, 
     0.8308052878568619, 0., 0., 0., 0., 0.}, {-1.5112097688588573, 
     1.5112097688588497, -3.852953501917451*^-15, 0.83080528785686, 
     5.8797633382333725, 0., 0., 0., 0., 0.}, {0., 0., 0., 0., 0., 
     0.44377413073477945, -0.004658294571091786, -0.6352862671387874, 
     0.6314877510108714, 0.026026914730315306}, {0., 0., 0., 0., 0., 
     -0.004658294571094019, 0.4437741307347822, -0.6352862671387873, 
     -0.6314877510108728, -0.026026914730314425}, {0., 0., 0., 0., 0., 
     -0.6352862671387877, -0.6352862671387869, 2.4734249797242214, 
     2.6809056791164663*^-15, -2.637109542042905*^-17}, {0., 0., 0., 0., 0., 
     0.6314877510108707, -0.6314877510108734, 2.4824739161431742*^-15, 
     2.4827075343155736, -0.0261958895905227}, {0., 0., 0., 0., 0., 
     0.026026914730316115, -0.026026914730314706, 2.1440139994178977*^-16, 
     -0.0261958895905229, 0.18715514143635156}}, {{9.196274650613917, 
     0.10284108343168089, 2.2941715895749346, -2.2391331742866303, 
     -1.4632209701309014, 0., 0., 0., 0., 0.}, {0.10284108343168115, 
     9.1962746506139, 2.2941715895749315, 2.239133174286627, 
     1.4632209701308945, 0., 0., 0., 0., 0.}, {2.2941715895749346, 
     2.2941715895749324, 1.5171431828712636, 3.0482017146410188*^-15, 
     -4.150454300890639*^-16, 0., 0., 0., 0., 0.}, {-2.2391331742866285, 
     2.239133174286626, -2.14165030404762*^-16, 1.4872585585643796, 
     0.7673312438272666, 0., 0., 0., 0., 0.}, {-1.4632209701308991, 
     1.4632209701308927, -3.261309103447926*^-15, 0.7673312438272673, 
     6.691056636570663, 0., 0., 0., 0., 0.}, {0., 0., 0., 0., 0., 
     0.4272118158089546, -0.003623261484784255, -0.6405360008015013, 
     0.6377666661166015, 0.02107718380540154}, {0., 0., 0., 0., 0., 
     -0.003623261484787517, 0.42721181580895284, -0.6405360008014985, 
     -0.6377666661165966, -0.021077183805401883}, {0., 0., 0., 0., 0., 
     -0.6405360008015023, -0.6405360008014972, 2.596326460646079, 
     -5.164757504866064*^-15, 1.4894908232491407*^-16}, {0., 0., 0., 0., 0., 
     0.6377666661166004, -0.6377666661165975, -5.6196623986199855*^-15, 
     2.6028394353942095, -0.019556388284617903}, {0., 0., 0., 0., 0., 
     0.021077183805402733, -0.02107718380540196, 3.3255822035039954*^-16, 
     -0.019556388284618326, 0.16091440274667493}}, {{9.6245571523084, 
     0.08836168251418987, 2.308593479604893, -2.2634521999963138, 
     -1.381040230865799, 0., 0., 0., 0., 0.}, {0.08836168251419006, 
     9.624557152308412, 2.308593479604889, 2.2634521999963204, 
     1.381040230865805, 0., 0., 0., 0., 0.}, {2.3085934796048897, 
     2.308593479604889, 1.4658867212591071, -5.341947309646242*^-16, 
     -4.524774074232333*^-17, 0., 0., 0., 0., 0.}, {-2.2634521999963164, 
     2.2634521999963177, 1.448633523011037*^-14, 1.4425626129556277, 
     0.6932625563800034, 0., 0., 0., 0., 0.}, {-1.3810402308657994, 
     1.3810402308658045, -7.953711342425674*^-16, 0.6932625563800032, 
     8.014452524676093, 0., 0., 0., 0., 0.}, {0., 0., 0., 0., 0., 
     0.4121942530786265, -0.0025949436072752615, -0.645069145782292, 
     0.6432139242510169, 0.01583694433717867}, {0., 0., 0., 0., 0., 
     -0.002594943607278365, 0.41219425307863555, -0.6450691457822902, 
     -0.6432139242510141, -0.015836944337181674}, {0., 0., 0., 0., 0., 
     -0.6450691457822926, -0.6450691457822897, 2.7139920090669576, 
     1.7971889922580576*^-15, -9.296538505921313*^-16}, {0., 0., 0., 0., 0., 
     0.6432139242510165, -0.6432139242510152, 1.3871333349909976*^-15, 
     2.718142603954953, -0.013447940081237453}, {0., 0., 0., 0., 0., 
     0.015836944337179568, -0.015836944337179873, -4.461483057600643*^-16, 
     -0.013447940081237406, 0.131395858245299}}}
SPrimeTable = {{{4.82852488690415, 0.17524125537582044, 1.9952849913449107, 
     -1.8169471547783926, -1.5401878973092586, 0., 0., 0., 0., 0.}, 
     {0.17524125537582122, 4.828524886904155, 1.9952849913449142, 
     1.8169471547783915, 1.5401878973092593, 0., 0., 0., 0., 0.}, 
     {1.9952849913449113, 1.995284991344913, 2.3215176898710226, 
     1.8994670266380332*^-15, -8.285245988882319*^-16, 0., 0., 0., 0., 0.}, 
     {-1.8169471547783926, 1.816947154778392, -5.046559914634971*^-16, 
     2.129150741790866, 1.4885872396246713, 0., 0., 0., 0., 0.}, 
     {-1.540187897309259, 1.5401878973092593, 4.891430016426935*^-16, 
     1.4885872396246722, 3.0804120810313593, 0., 0., 0., 0., 0.}, {0., 0., 
     0., 0., 0., 0.6553178683010875, -0.019983138815047843, 
     -0.5460539265992437, 0.513809860725298, 0.08935156358686559}, {0., 0., 
     0., 0., 0., -0.019983138815048634, 0.6553178683010864, 
     -0.5460539265992406, -0.5138098607252964, -0.08935156358686532}, {0., 
     0., 0., 0., 0., -0.546053926599244, -0.5460539265992405, 
     1.3693914210894815, -7.045815684137851*^-16, 2.192106665158941*^-16}, 
     {0., 0., 0., 0., 0., 0.5138098607252978, -0.5138098607252968, 
     -6.49807565736533*^-16, 1.491194949130007, -0.20680555013272256}, {0., 
     0., 0., 0., 0., 0.08935156358686502, -0.08935156358686523, 
     -2.22533403060309*^-16, -0.20680555013272253, 0.513919714327763}}, 
     {{5.523734780700771, 0.16945812324710155, 2.072143160888929, 
     -1.9212501534692168, -1.5731047598675147, 0., 0., 0., 0., 0.}, 
     {0.16945812324710127, 5.523734780700779, 2.072143160888928, 
     1.9212501534692172, 1.5731047598675154, 0., 0., 0., 0., 0.}, 
     {2.0721431608889285, 2.072143160888929, 2.146423673611428, 
     -1.4140404676889345*^-16, -2.071607260023593*^-15, 0., 0., 0., 0., 0.}, 
     {-1.921250153469218, 1.9212501534692175, 1.1319177538680288*^-15, 
     2.00546461484063, 1.3380569940358464, 0., 0., 0., 0., 0.}, 
     {-1.5731047598675145, 1.5731047598675154, -1.2677333157441078*^-15, 
     1.3380569940358478, 3.3381296074607154, 0., 0., 0., 0., 0.}, {0., 0., 
     0., 0., 0., 0.6072182604170309, -0.01631570501743263, 
     -0.5704534030147533, 0.547802888277872, 0.07426097608575188}, {0., 0., 
     0., 0., 0., -0.016315705017433433, 0.6072182604170316, 
     -0.5704534030147516, -0.5478028882778703, -0.07426097608575274}, {0., 
     0., 0., 0., 0., -0.5704534030147536, -0.5704534030147512, 
     1.5673151003154018, -1.9529746916227774*^-15, 2.2379950908533363*^-16}, 
     {0., 0., 0., 0., 0., 0.5478028882778718, -0.5478028882778703, 
     -2.0224729620948925*^-15, 1.6432201951116046, -0.14236104305529015}, 
     {0., 0., 0., 0., 0., 0.07426097608575248, -0.0742609760857531, 
     5.695303241013592*^-16, -0.14236104305529024, 0.42662447139897014}}, 
     {{6.1576994071367555, 0.16185378317359972, 2.1287610803984216, 
     -1.9993536830332979, -1.5898120885633216, 0., 0., 0., 0., 0.}, 
     {0.16185378317359977, 6.157699407136764, 2.1287610803984234, 
     1.9993536830333027, 1.589812088563327, 0., 0., 0., 0., 0.}, 
     {2.1287610803984207, 2.128761080398423, 2.006669358693486, 
     -4.3744553905091657*^-16, -3.4103507484600017*^-16, 0., 0., 0., 0., 0.}, 
     {-1.9993536830332985, 1.9993536830333039, 2.684421128569739*^-15, 
     1.898939923800354, 1.2203139989514726, 0., 0., 0., 0., 0.}, 
     {-1.5898120885633225, 1.589812088563327, 2.0640767694342925*^-15, 
     1.2203139989514733, 3.6183089863510993, 0., 0., 0., 0., 0.}, {0., 0., 
     0., 0., 0., 0.5680049690138245, -0.013370950332227094, 
     -0.5883795991199473, 0.5719154164654071, 0.06256018391490355}, {0., 0., 
     0., 0., 0., -0.01337095033222749, 0.5680049690138245, 
     -0.5883795991199481, -0.5719154164654078, -0.06256018391490362}, {0., 
     0., 0., 0., 0., -0.5883795991199476, -0.5883795991199482, 
     1.746694923620113, 2.5344184861323942*^-15, -4.1280471051581234*^-16}, 
     {0., 0., 0., 0., 0., 0.5719154164654066, -0.5719154164654077, 
     2.2121818668464532*^-15, 1.7975427762202603, -0.10366459290395692}, {0., 
     0., 0., 0., 0., 0.06256018391490421, -0.06256018391490369, 
     2.1216127612810528*^-16, -0.10366459290395683, 0.3663095750576697}}, 
     {{6.743395067055107, 0.15317438211049905, 2.1722488154946253, 
     -2.060357934526771, -1.593556037137306, 0., 0., 0., 0., 0.}, 
     {0.1531743821105002, 6.7433950670551015, 2.1722488154946205, 
     2.060357934526766, 1.5935560371373032, 0., 0., 0., 0., 0.}, 
     {2.1722488154946245, 2.1722488154946222, 1.8915178381491389, 
     8.584648353006371*^-16, -3.2439490438945546*^-15, 0., 0., 0., 0., 0.}, 
     {-2.0603579345267717, 2.060357934526765, 1.9489941329490285*^-15, 
     1.8069359882701308, 1.122498223798773, 0., 0., 0., 0., 0.}, 
     {-1.5935560371373072, 1.5935560371373023, -1.074170025961987*^-15, 
     1.1224982237987733, 3.9379086606513236, 0., 0., 0., 0., 0.}, {0., 0., 
     0., 0., 0., 0.5352476561658722, -0.01094081308904367, 
     -0.6021222194466892, 0.5899532424246738, 0.05286066381628714}, {0., 0., 
     0., 0., 0., -0.010940813089045143, 0.5352476561658732, 
     -0.6021222194466883, -0.5899532424246744, -0.0528606638162874}, {0., 0., 
     0., 0., 0., -0.6021222194466895, -0.6021222194466874, 
     1.9116491967584603, -1.036098056964761*^-16, 1.5607975034387404*^-16}, 
     {0., 0., 0., 0., 0., 0.5899532424246741, -0.5899532424246748, 
     -3.085784974198361*^-16, 1.9469587112167204, -0.07750575730994921}, {0., 
     0., 0., 0., 0., 0.05286066381628606, -0.052860663816289, 
     -6.992918511933461*^-16, -0.07750575730994932, 0.3188171801349007}}, 
     {{7.290066146405454, 0.14369328370297454, 2.2067193676670867, 
     -2.1096155743155296, -1.5856227742499966, 0., 0., 0., 0., 0.}, 
     {0.14369328370297285, 7.290066146405452, 2.2067193676670898, 
     2.109615574315523, 1.5856227742499918, 0., 0., 0., 0., 0.}, 
     {2.2067193676670884, 2.2067193676670875, 1.7943937585668983, 
     5.968155909230097*^-15, -7.463349812765888*^-16, 0., 0., 0., 0., 0.}, 
     {-2.109615574315529, 2.1096155743155234, 2.4492624564403088*^-15, 
     1.7268437376856767, 1.0373642845618058, 0., 0., 0., 0., 0.}, 
     {-1.5856227742499949, 1.5856227742499902, -2.7324515131787274*^-15, 
     1.0373642845618074, 4.316318524847426, 0., 0., 0., 0., 0.}, {0., 0., 0., 
     0., 0., 0.507356685068422, -0.00889608360752913, -0.6129996039114739, 
     0.6039549699739077, 0.04449644548752572}, {0., 0., 0., 0., 0., 
     -0.00889608360753039, 0.5073566850684205, -0.6129996039114712, 
     -0.6039549699739051, -0.04449644548752558}, {0., 0., 0., 0., 0., 
     -0.612999603911474, -0.6129996039114707, 2.065007292271662, 
     -2.5344931169232375*^-15, 1.0205908622440788*^-16}, {0., 0., 0., 0., 0., 
     0.603954969973907, -0.6039549699739055, -2.705104546538392*^-15, 
     2.089918411652636, -0.05854924895315067}, {0., 0., 0., 0., 0., 
     0.04449644548752387, -0.0444964454875245, -3.0533538609464084*^-16, 
     -0.05854924895314993, 0.27844239193880693}}, {{7.804010564674693, 
     0.13400048494778657, 2.2347237610129236, -2.150138642809011, 
     -1.5691961334209694, 0., 0., 0., 0., 0.}, {0.13400048494778766, 
     7.804010564674686, 2.2347237610129262, 2.150138642809013, 
     1.569196133420969, 0., 0., 0., 0., 0.}, {2.234723761012923, 
     2.234723761012928, 1.7109809726255076, -7.653062208783805*^-15, 
     -2.9423472168380194*^-15, 0., 0., 0., 0., 0.}, {-2.1501386428090137, 
     2.150138642809011, -3.967112357136408*^-15, 1.6562605051685944, 
     0.9623124425962452, 0., 0., 0., 0., 0.}, {-1.5691961334209705, 
     1.5691961334209668, -2.745830369200484*^-15, 0.9623124425962456, 
     4.752736929062739, 0., 0., 0., 0., 0.}, {0., 0., 0., 0., 0., 
     0.4833094421710533, -0.007217713653550143, -0.6218266100920832, 
     0.6150537447053066, 0.03742253095790515}, {0., 0., 0., 0., 0., 
     -0.00721771365355009, 0.48330944217105315, -0.62182661009208, 
     -0.6150537447053043, -0.03742253095790433}, {0., 0., 0., 0., 0., 
     -0.6218266100920831, -0.6218266100920803, 2.2088038745437086, 
     -1.8768383046628865*^-15, 3.856334763467524*^-16}, {0., 0., 0., 0., 0., 
     0.6150537447053066, -0.6150537447053045, -1.4705135310064817*^-15, 
     2.226653916105703, -0.044702001377291335}, {0., 0., 0., 0., 0., 
     0.037422530957903107, -0.03742253095790386, 1.0592214474402119*^-16, 
     -0.044702001377290426, 0.2441674957437863}}, {{8.290880145139699, 
     0.12360130082920083, 2.2579306893087976, -2.1845163684005966, 
     -1.541319686446909, 0., 0., 0., 0., 0.}, {0.12360130082920168, 
     8.290880145139708, 2.2579306893087967, 2.1845163684005984, 
     1.5413196864469156, 0., 0., 0., 0., 0.}, {2.2579306893087967, 
     2.2579306893087963, 1.6383003034465762, -1.9195670085201943*^-15, 
     5.457871344127772*^-16, 0., 0., 0., 0., 0.}, {-2.1845163684005975, 
     2.1845163684005997, -1.0163532034803382*^-16, 1.5937871918653266, 
     0.8922716733954329, 0., 0., 0., 0., 0.}, {-1.5413196864469094, 
     1.541319686446918, 1.8545668113161204*^-15, 0.8922716733954335, 
     5.294757962062763, 0., 0., 0., 0., 0.}, {0., 0., 0., 0., 0., 
     0.462256921590082, -0.005771778948008753, -0.6291348482428273, 
     0.6241067308843312, 0.031070181866050196}, {0., 0., 0., 0., 0., 
     -0.005771778948007288, 0.46225692159008086, -0.6291348482428261, 
     -0.6241067308843299, -0.031070181866049675}, {0., 0., 0., 0., 0., 
     -0.6291348482428267, -0.6291348482428265, 2.3445553632880984, 
     -3.1918729022859815*^-15, 8.757871539095719*^-16}, {0., 0., 0., 0., 0., 
     0.6241067308843319, -0.6241067308843293, -2.7998583176789716*^-15, 
     2.3572654225681604, -0.03388732459643767}, {0., 0., 0., 0., 0., 
     0.031070181866049273, -0.031070181866049686, 6.084961697841295*^-16, 
     -0.033887324596437424, 0.2126659752600183}}, {{8.753138269472727, 
     0.11400229695035294, 2.2774786689774245, -2.213348110587379, 
     -1.5112097688588566, 0., 0., 0., 0., 0.}, {0.11400229695035193, 
     8.753138269472709, 2.277478668977427, 2.2133481105873742, 
     1.5112097688588502, 0., 0., 0., 0., 0.}, {2.277478668977426, 
     2.2774786689774262, 1.5742146522025973, -5.9660169709453745*^-15, 
     -2.0433555203904394*^-15, 0., 0., 0., 0., 0.}, {-2.2133481105873782, 
     2.213348110587376, -1.1016481912045833*^-14, 1.5375021310201182, 
     0.8308052878568619, 0., 0., 0., 0., 0.}, {-1.5112097688588573, 
     1.5112097688588497, -3.852953501917451*^-15, 0.83080528785686, 
     5.8797633382333725, 0., 0., 0., 0., 0.}, {0., 0., 0., 0., 0., 
     0.44377413073477945, -0.004658294571091786, -0.6352862671387874, 
     0.6314877510108714, 0.026026914730315306}, {0., 0., 0., 0., 0., 
     -0.004658294571094019, 0.4437741307347822, -0.6352862671387873, 
     -0.6314877510108728, -0.026026914730314425}, {0., 0., 0., 0., 0., 
     -0.6352862671387877, -0.6352862671387869, 2.4734249797242214, 
     2.6809056791164663*^-15, -2.637109542042905*^-17}, {0., 0., 0., 0., 0., 
     0.6314877510108707, -0.6314877510108734, 2.4824739161431742*^-15, 
     2.4827075343155736, -0.0261958895905227}, {0., 0., 0., 0., 0., 
     0.026026914730316115, -0.026026914730314706, 2.1440139994178977*^-16, 
     -0.0261958895905229, 0.18715514143635156}}, {{9.196274650613917, 
     0.10284108343168089, 2.2941715895749346, -2.2391331742866303, 
     -1.4632209701309014, 0., 0., 0., 0., 0.}, {0.10284108343168115, 
     9.1962746506139, 2.2941715895749315, 2.239133174286627, 
     1.4632209701308945, 0., 0., 0., 0., 0.}, {2.2941715895749346, 
     2.2941715895749324, 1.5171431828712636, 3.0482017146410188*^-15, 
     -4.150454300890639*^-16, 0., 0., 0., 0., 0.}, {-2.2391331742866285, 
     2.239133174286626, -2.14165030404762*^-16, 1.4872585585643796, 
     0.7673312438272666, 0., 0., 0., 0., 0.}, {-1.4632209701308991, 
     1.4632209701308927, -3.261309103447926*^-15, 0.7673312438272673, 
     6.691056636570663, 0., 0., 0., 0., 0.}, {0., 0., 0., 0., 0., 
     0.4272118158089546, -0.003623261484784255, -0.6405360008015013, 
     0.6377666661166015, 0.02107718380540154}, {0., 0., 0., 0., 0., 
     -0.003623261484787517, 0.42721181580895284, -0.6405360008014985, 
     -0.6377666661165966, -0.021077183805401883}, {0., 0., 0., 0., 0., 
     -0.6405360008015023, -0.6405360008014972, 2.596326460646079, 
     -5.164757504866064*^-15, 1.4894908232491407*^-16}, {0., 0., 0., 0., 0., 
     0.6377666661166004, -0.6377666661165975, -5.6196623986199855*^-15, 
     2.6028394353942095, -0.019556388284617903}, {0., 0., 0., 0., 0., 
     0.021077183805402733, -0.02107718380540196, 3.3255822035039954*^-16, 
     -0.019556388284618326, 0.16091440274667493}}, {{9.6245571523084, 
     0.08836168251418987, 2.308593479604893, -2.2634521999963138, 
     -1.381040230865799, 0., 0., 0., 0., 0.}, {0.08836168251419006, 
     9.624557152308412, 2.308593479604889, 2.2634521999963204, 
     1.381040230865805, 0., 0., 0., 0., 0.}, {2.3085934796048897, 
     2.308593479604889, 1.4658867212591071, -5.341947309646242*^-16, 
     -4.524774074232333*^-17, 0., 0., 0., 0., 0.}, {-2.2634521999963164, 
     2.2634521999963177, 1.448633523011037*^-14, 1.4425626129556277, 
     0.6932625563800034, 0., 0., 0., 0., 0.}, {-1.3810402308657994, 
     1.3810402308658045, -7.953711342425674*^-16, 0.6932625563800032, 
     8.014452524676093, 0., 0., 0., 0., 0.}, {0., 0., 0., 0., 0., 
     0.4121942530786265, -0.0025949436072752615, -0.645069145782292, 
     0.6432139242510169, 0.01583694433717867}, {0., 0., 0., 0., 0., 
     -0.002594943607278365, 0.41219425307863555, -0.6450691457822902, 
     -0.6432139242510141, -0.015836944337181674}, {0., 0., 0., 0., 0., 
     -0.6450691457822926, -0.6450691457822897, 2.7139920090669576, 
     1.7971889922580576*^-15, -9.296538505921313*^-16}, {0., 0., 0., 0., 0., 
     0.6432139242510165, -0.6432139242510152, 1.3871333349909976*^-15, 
     2.718142603954953, -0.013447940081237453}, {0., 0., 0., 0., 0., 
     0.015836944337179568, -0.015836944337179873, -4.461483057600643*^-16, 
     -0.013447940081237406, 0.131395858245299}}}
SPrimeTable = {{{4.82852488690415, 0.17524125537582044, 1.9952849913449107, 
     -1.8169471547783926, -1.5401878973092586, 0., 0., 0., 0., 0.}, 
     {0.17524125537582122, 4.828524886904155, 1.9952849913449142, 
     1.8169471547783915, 1.5401878973092593, 0., 0., 0., 0., 0.}, 
     {1.9952849913449113, 1.995284991344913, 2.3215176898710226, 
     1.8994670266380332*^-15, -8.285245988882319*^-16, 0., 0., 0., 0., 0.}, 
     {-1.8169471547783926, 1.816947154778392, -5.046559914634971*^-16, 
     2.129150741790866, 1.4885872396246713, 0., 0., 0., 0., 0.}, 
     {-1.540187897309259, 1.5401878973092593, 4.891430016426935*^-16, 
     1.4885872396246722, 3.0804120810313593, 0., 0., 0., 0., 0.}, {0., 0., 
     0., 0., 0., 0.6553178683010875, -0.019983138815047843, 
     -0.5460539265992437, 0.513809860725298, 0.08935156358686559}, {0., 0., 
     0., 0., 0., -0.019983138815048634, 0.6553178683010864, 
     -0.5460539265992406, -0.5138098607252964, -0.08935156358686532}, {0., 
     0., 0., 0., 0., -0.546053926599244, -0.5460539265992405, 
     1.3693914210894815, -7.045815684137851*^-16, 2.192106665158941*^-16}, 
     {0., 0., 0., 0., 0., 0.5138098607252978, -0.5138098607252968, 
     -6.49807565736533*^-16, 1.491194949130007, -0.20680555013272256}, {0., 
     0., 0., 0., 0., 0.08935156358686502, -0.08935156358686523, 
     -2.22533403060309*^-16, -0.20680555013272253, 0.513919714327763}}, 
     {{5.523734780700771, 0.16945812324710155, 2.072143160888929, 
     -1.9212501534692168, -1.5731047598675147, 0., 0., 0., 0., 0.}, 
     {0.16945812324710127, 5.523734780700779, 2.072143160888928, 
     1.9212501534692172, 1.5731047598675154, 0., 0., 0., 0., 0.}, 
     {2.0721431608889285, 2.072143160888929, 2.146423673611428, 
     -1.4140404676889345*^-16, -2.071607260023593*^-15, 0., 0., 0., 0., 0.}, 
     {-1.921250153469218, 1.9212501534692175, 1.1319177538680288*^-15, 
     2.00546461484063, 1.3380569940358464, 0., 0., 0., 0., 0.}, 
     {-1.5731047598675145, 1.5731047598675154, -1.2677333157441078*^-15, 
     1.3380569940358478, 3.3381296074607154, 0., 0., 0., 0., 0.}, {0., 0., 
     0., 0., 0., 0.6072182604170309, -0.01631570501743263, 
     -0.5704534030147533, 0.547802888277872, 0.07426097608575188}, {0., 0., 
     0., 0., 0., -0.016315705017433433, 0.6072182604170316, 
     -0.5704534030147516, -0.5478028882778703, -0.07426097608575274}, {0., 
     0., 0., 0., 0., -0.5704534030147536, -0.5704534030147512, 
     1.5673151003154018, -1.9529746916227774*^-15, 2.2379950908533363*^-16}, 
     {0., 0., 0., 0., 0., 0.5478028882778718, -0.5478028882778703, 
     -2.0224729620948925*^-15, 1.6432201951116046, -0.14236104305529015}, 
     {0., 0., 0., 0., 0., 0.07426097608575248, -0.0742609760857531, 
     5.695303241013592*^-16, -0.14236104305529024, 0.42662447139897014}}, 
     {{6.1576994071367555, 0.16185378317359972, 2.1287610803984216, 
     -1.9993536830332979, -1.5898120885633216, 0., 0., 0., 0., 0.}, 
     {0.16185378317359977, 6.157699407136764, 2.1287610803984234, 
     1.9993536830333027, 1.589812088563327, 0., 0., 0., 0., 0.}, 
     {2.1287610803984207, 2.128761080398423, 2.006669358693486, 
     -4.3744553905091657*^-16, -3.4103507484600017*^-16, 0., 0., 0., 0., 0.}, 
     {-1.9993536830332985, 1.9993536830333039, 2.684421128569739*^-15, 
     1.898939923800354, 1.2203139989514726, 0., 0., 0., 0., 0.}, 
     {-1.5898120885633225, 1.589812088563327, 2.0640767694342925*^-15, 
     1.2203139989514733, 3.6183089863510993, 0., 0., 0., 0., 0.}, {0., 0., 
     0., 0., 0., 0.5680049690138245, -0.013370950332227094, 
     -0.5883795991199473, 0.5719154164654071, 0.06256018391490355}, {0., 0., 
     0., 0., 0., -0.01337095033222749, 0.5680049690138245, 
     -0.5883795991199481, -0.5719154164654078, -0.06256018391490362}, {0., 
     0., 0., 0., 0., -0.5883795991199476, -0.5883795991199482, 
     1.746694923620113, 2.5344184861323942*^-15, -4.1280471051581234*^-16}, 
     {0., 0., 0., 0., 0., 0.5719154164654066, -0.5719154164654077, 
     2.2121818668464532*^-15, 1.7975427762202603, -0.10366459290395692}, {0., 
     0., 0., 0., 0., 0.06256018391490421, -0.06256018391490369, 
     2.1216127612810528*^-16, -0.10366459290395683, 0.3663095750576697}}, 
     {{6.743395067055107, 0.15317438211049905, 2.1722488154946253, 
     -2.060357934526771, -1.593556037137306, 0., 0., 0., 0., 0.}, 
     {0.1531743821105002, 6.7433950670551015, 2.1722488154946205, 
     2.060357934526766, 1.5935560371373032, 0., 0., 0., 0., 0.}, 
     {2.1722488154946245, 2.1722488154946222, 1.8915178381491389, 
     8.584648353006371*^-16, -3.2439490438945546*^-15, 0., 0., 0., 0., 0.}, 
     {-2.0603579345267717, 2.060357934526765, 1.9489941329490285*^-15, 
     1.8069359882701308, 1.122498223798773, 0., 0., 0., 0., 0.}, 
     {-1.5935560371373072, 1.5935560371373023, -1.074170025961987*^-15, 
     1.1224982237987733, 3.9379086606513236, 0., 0., 0., 0., 0.}, {0., 0., 
     0., 0., 0., 0.5352476561658722, -0.01094081308904367, 
     -0.6021222194466892, 0.5899532424246738, 0.05286066381628714}, {0., 0., 
     0., 0., 0., -0.010940813089045143, 0.5352476561658732, 
     -0.6021222194466883, -0.5899532424246744, -0.0528606638162874}, {0., 0., 
     0., 0., 0., -0.6021222194466895, -0.6021222194466874, 
     1.9116491967584603, -1.036098056964761*^-16, 1.5607975034387404*^-16}, 
     {0., 0., 0., 0., 0., 0.5899532424246741, -0.5899532424246748, 
     -3.085784974198361*^-16, 1.9469587112167204, -0.07750575730994921}, {0., 
     0., 0., 0., 0., 0.05286066381628606, -0.052860663816289, 
     -6.992918511933461*^-16, -0.07750575730994932, 0.3188171801349007}}, 
     {{7.290066146405454, 0.14369328370297454, 2.2067193676670867, 
     -2.1096155743155296, -1.5856227742499966, 0., 0., 0., 0., 0.}, 
     {0.14369328370297285, 7.290066146405452, 2.2067193676670898, 
     2.109615574315523, 1.5856227742499918, 0., 0., 0., 0., 0.}, 
     {2.2067193676670884, 2.2067193676670875, 1.7943937585668983, 
     5.968155909230097*^-15, -7.463349812765888*^-16, 0., 0., 0., 0., 0.}, 
     {-2.109615574315529, 2.1096155743155234, 2.4492624564403088*^-15, 
     1.7268437376856767, 1.0373642845618058, 0., 0., 0., 0., 0.}, 
     {-1.5856227742499949, 1.5856227742499902, -2.7324515131787274*^-15, 
     1.0373642845618074, 4.316318524847426, 0., 0., 0., 0., 0.}, {0., 0., 0., 
     0., 0., 0.507356685068422, -0.00889608360752913, -0.6129996039114739, 
     0.6039549699739077, 0.04449644548752572}, {0., 0., 0., 0., 0., 
     -0.00889608360753039, 0.5073566850684205, -0.6129996039114712, 
     -0.6039549699739051, -0.04449644548752558}, {0., 0., 0., 0., 0., 
     -0.612999603911474, -0.6129996039114707, 2.065007292271662, 
     -2.5344931169232375*^-15, 1.0205908622440788*^-16}, {0., 0., 0., 0., 0., 
     0.603954969973907, -0.6039549699739055, -2.705104546538392*^-15, 
     2.089918411652636, -0.05854924895315067}, {0., 0., 0., 0., 0., 
     0.04449644548752387, -0.0444964454875245, -3.0533538609464084*^-16, 
     -0.05854924895314993, 0.27844239193880693}}, {{7.804010564674693, 
     0.13400048494778657, 2.2347237610129236, -2.150138642809011, 
     -1.5691961334209694, 0., 0., 0., 0., 0.}, {0.13400048494778766, 
     7.804010564674686, 2.2347237610129262, 2.150138642809013, 
     1.569196133420969, 0., 0., 0., 0., 0.}, {2.234723761012923, 
     2.234723761012928, 1.7109809726255076, -7.653062208783805*^-15, 
     -2.9423472168380194*^-15, 0., 0., 0., 0., 0.}, {-2.1501386428090137, 
     2.150138642809011, -3.967112357136408*^-15, 1.6562605051685944, 
     0.9623124425962452, 0., 0., 0., 0., 0.}, {-1.5691961334209705, 
     1.5691961334209668, -2.745830369200484*^-15, 0.9623124425962456, 
     4.752736929062739, 0., 0., 0., 0., 0.}, {0., 0., 0., 0., 0., 
     0.4833094421710533, -0.007217713653550143, -0.6218266100920832, 
     0.6150537447053066, 0.03742253095790515}, {0., 0., 0., 0., 0., 
     -0.00721771365355009, 0.48330944217105315, -0.62182661009208, 
     -0.6150537447053043, -0.03742253095790433}, {0., 0., 0., 0., 0., 
     -0.6218266100920831, -0.6218266100920803, 2.2088038745437086, 
     -1.8768383046628865*^-15, 3.856334763467524*^-16}, {0., 0., 0., 0., 0., 
     0.6150537447053066, -0.6150537447053045, -1.4705135310064817*^-15, 
     2.226653916105703, -0.044702001377291335}, {0., 0., 0., 0., 0., 
     0.037422530957903107, -0.03742253095790386, 1.0592214474402119*^-16, 
     -0.044702001377290426, 0.2441674957437863}}, {{8.290880145139699, 
     0.12360130082920083, 2.2579306893087976, -2.1845163684005966, 
     -1.541319686446909, 0., 0., 0., 0., 0.}, {0.12360130082920168, 
     8.290880145139708, 2.2579306893087967, 2.1845163684005984, 
     1.5413196864469156, 0., 0., 0., 0., 0.}, {2.2579306893087967, 
     2.2579306893087963, 1.6383003034465762, -1.9195670085201943*^-15, 
     5.457871344127772*^-16, 0., 0., 0., 0., 0.}, {-2.1845163684005975, 
     2.1845163684005997, -1.0163532034803382*^-16, 1.5937871918653266, 
     0.8922716733954329, 0., 0., 0., 0., 0.}, {-1.5413196864469094, 
     1.541319686446918, 1.8545668113161204*^-15, 0.8922716733954335, 
     5.294757962062763, 0., 0., 0., 0., 0.}, {0., 0., 0., 0., 0., 
     0.462256921590082, -0.005771778948008753, -0.6291348482428273, 
     0.6241067308843312, 0.031070181866050196}, {0., 0., 0., 0., 0., 
     -0.005771778948007288, 0.46225692159008086, -0.6291348482428261, 
     -0.6241067308843299, -0.031070181866049675}, {0., 0., 0., 0., 0., 
     -0.6291348482428267, -0.6291348482428265, 2.3445553632880984, 
     -3.1918729022859815*^-15, 8.757871539095719*^-16}, {0., 0., 0., 0., 0., 
     0.6241067308843319, -0.6241067308843293, -2.7998583176789716*^-15, 
     2.3572654225681604, -0.03388732459643767}, {0., 0., 0., 0., 0., 
     0.031070181866049273, -0.031070181866049686, 6.084961697841295*^-16, 
     -0.033887324596437424, 0.2126659752600183}}, {{8.753138269472727, 
     0.11400229695035294, 2.2774786689774245, -2.213348110587379, 
     -1.5112097688588566, 0., 0., 0., 0., 0.}, {0.11400229695035193, 
     8.753138269472709, 2.277478668977427, 2.2133481105873742, 
     1.5112097688588502, 0., 0., 0., 0., 0.}, {2.277478668977426, 
     2.2774786689774262, 1.5742146522025973, -5.9660169709453745*^-15, 
     -2.0433555203904394*^-15, 0., 0., 0., 0., 0.}, {-2.2133481105873782, 
     2.213348110587376, -1.1016481912045833*^-14, 1.5375021310201182, 
     0.8308052878568619, 0., 0., 0., 0., 0.}, {-1.5112097688588573, 
     1.5112097688588497, -3.852953501917451*^-15, 0.83080528785686, 
     5.8797633382333725, 0., 0., 0., 0., 0.}, {0., 0., 0., 0., 0., 
     0.44377413073477945, -0.004658294571091786, -0.6352862671387874, 
     0.6314877510108714, 0.026026914730315306}, {0., 0., 0., 0., 0., 
     -0.004658294571094019, 0.4437741307347822, -0.6352862671387873, 
     -0.6314877510108728, -0.026026914730314425}, {0., 0., 0., 0., 0., 
     -0.6352862671387877, -0.6352862671387869, 2.4734249797242214, 
     2.6809056791164663*^-15, -2.637109542042905*^-17}, {0., 0., 0., 0., 0., 
     0.6314877510108707, -0.6314877510108734, 2.4824739161431742*^-15, 
     2.4827075343155736, -0.0261958895905227}, {0., 0., 0., 0., 0., 
     0.026026914730316115, -0.026026914730314706, 2.1440139994178977*^-16, 
     -0.0261958895905229, 0.18715514143635156}}, {{9.196274650613917, 
     0.10284108343168089, 2.2941715895749346, -2.2391331742866303, 
     -1.4632209701309014, 0., 0., 0., 0., 0.}, {0.10284108343168115, 
     9.1962746506139, 2.2941715895749315, 2.239133174286627, 
     1.4632209701308945, 0., 0., 0., 0., 0.}, {2.2941715895749346, 
     2.2941715895749324, 1.5171431828712636, 3.0482017146410188*^-15, 
     -4.150454300890639*^-16, 0., 0., 0., 0., 0.}, {-2.2391331742866285, 
     2.239133174286626, -2.14165030404762*^-16, 1.4872585585643796, 
     0.7673312438272666, 0., 0., 0., 0., 0.}, {-1.4632209701308991, 
     1.4632209701308927, -3.261309103447926*^-15, 0.7673312438272673, 
     6.691056636570663, 0., 0., 0., 0., 0.}, {0., 0., 0., 0., 0., 
     0.4272118158089546, -0.003623261484784255, -0.6405360008015013, 
     0.6377666661166015, 0.02107718380540154}, {0., 0., 0., 0., 0., 
     -0.003623261484787517, 0.42721181580895284, -0.6405360008014985, 
     -0.6377666661165966, -0.021077183805401883}, {0., 0., 0., 0., 0., 
     -0.6405360008015023, -0.6405360008014972, 2.596326460646079, 
     -5.164757504866064*^-15, 1.4894908232491407*^-16}, {0., 0., 0., 0., 0., 
     0.6377666661166004, -0.6377666661165975, -5.6196623986199855*^-15, 
     2.6028394353942095, -0.019556388284617903}, {0., 0., 0., 0., 0., 
     0.021077183805402733, -0.02107718380540196, 3.3255822035039954*^-16, 
     -0.019556388284618326, 0.16091440274667493}}, {{9.6245571523084, 
     0.08836168251418987, 2.308593479604893, -2.2634521999963138, 
     -1.381040230865799, 0., 0., 0., 0., 0.}, {0.08836168251419006, 
     9.624557152308412, 2.308593479604889, 2.2634521999963204, 
     1.381040230865805, 0., 0., 0., 0., 0.}, {2.3085934796048897, 
     2.308593479604889, 1.4658867212591071, -5.341947309646242*^-16, 
     -4.524774074232333*^-17, 0., 0., 0., 0., 0.}, {-2.2634521999963164, 
     2.2634521999963177, 1.448633523011037*^-14, 1.4425626129556277, 
     0.6932625563800034, 0., 0., 0., 0., 0.}, {-1.3810402308657994, 
     1.3810402308658045, -7.953711342425674*^-16, 0.6932625563800032, 
     8.014452524676093, 0., 0., 0., 0., 0.}, {0., 0., 0., 0., 0., 
     0.4121942530786265, -0.0025949436072752615, -0.645069145782292, 
     0.6432139242510169, 0.01583694433717867}, {0., 0., 0., 0., 0., 
     -0.002594943607278365, 0.41219425307863555, -0.6450691457822902, 
     -0.6432139242510141, -0.015836944337181674}, {0., 0., 0., 0., 0., 
     -0.6450691457822926, -0.6450691457822897, 2.7139920090669576, 
     1.7971889922580576*^-15, -9.296538505921313*^-16}, {0., 0., 0., 0., 0., 
     0.6432139242510165, -0.6432139242510152, 1.3871333349909976*^-15, 
     2.718142603954953, -0.013447940081237453}, {0., 0., 0., 0., 0., 
     0.015836944337179568, -0.015836944337179873, -4.461483057600643*^-16, 
     -0.013447940081237406, 0.131395858245299}}}
SPrimeTable = {{{4.82852488690415, 0.17524125537582044, 1.9952849913449107, 
     -1.8169471547783926, -1.5401878973092586, 0., 0., 0., 0., 0.}, 
     {0.17524125537582122, 4.828524886904155, 1.9952849913449142, 
     1.8169471547783915, 1.5401878973092593, 0., 0., 0., 0., 0.}, 
     {1.9952849913449113, 1.995284991344913, 2.3215176898710226, 
     1.8994670266380332*^-15, -8.285245988882319*^-16, 0., 0., 0., 0., 0.}, 
     {-1.8169471547783926, 1.816947154778392, -5.046559914634971*^-16, 
     2.129150741790866, 1.4885872396246713, 0., 0., 0., 0., 0.}, 
     {-1.540187897309259, 1.5401878973092593, 4.891430016426935*^-16, 
     1.4885872396246722, 3.0804120810313593, 0., 0., 0., 0., 0.}, {0., 0., 
     0., 0., 0., 0.6553178683010875, -0.019983138815047843, 
     -0.5460539265992437, 0.513809860725298, 0.08935156358686559}, {0., 0., 
     0., 0., 0., -0.019983138815048634, 0.6553178683010864, 
     -0.5460539265992406, -0.5138098607252964, -0.08935156358686532}, {0., 
     0., 0., 0., 0., -0.546053926599244, -0.5460539265992405, 
     1.3693914210894815, -7.045815684137851*^-16, 2.192106665158941*^-16}, 
     {0., 0., 0., 0., 0., 0.5138098607252978, -0.5138098607252968, 
     -6.49807565736533*^-16, 1.491194949130007, -0.20680555013272256}, {0., 
     0., 0., 0., 0., 0.08935156358686502, -0.08935156358686523, 
     -2.22533403060309*^-16, -0.20680555013272253, 0.513919714327763}}, 
     {{5.523734780700771, 0.16945812324710155, 2.072143160888929, 
     -1.9212501534692168, -1.5731047598675147, 0., 0., 0., 0., 0.}, 
     {0.16945812324710127, 5.523734780700779, 2.072143160888928, 
     1.9212501534692172, 1.5731047598675154, 0., 0., 0., 0., 0.}, 
     {2.0721431608889285, 2.072143160888929, 2.146423673611428, 
     -1.4140404676889345*^-16, -2.071607260023593*^-15, 0., 0., 0., 0., 0.}, 
     {-1.921250153469218, 1.9212501534692175, 1.1319177538680288*^-15, 
     2.00546461484063, 1.3380569940358464, 0., 0., 0., 0., 0.}, 
     {-1.5731047598675145, 1.5731047598675154, -1.2677333157441078*^-15, 
     1.3380569940358478, 3.3381296074607154, 0., 0., 0., 0., 0.}, {0., 0., 
     0., 0., 0., 0.6072182604170309, -0.01631570501743263, 
     -0.5704534030147533, 0.547802888277872, 0.07426097608575188}, {0., 0., 
     0., 0., 0., -0.016315705017433433, 0.6072182604170316, 
     -0.5704534030147516, -0.5478028882778703, -0.07426097608575274}, {0., 
     0., 0., 0., 0., -0.5704534030147536, -0.5704534030147512, 
     1.5673151003154018, -1.9529746916227774*^-15, 2.2379950908533363*^-16}, 
     {0., 0., 0., 0., 0., 0.5478028882778718, -0.5478028882778703, 
     -2.0224729620948925*^-15, 1.6432201951116046, -0.14236104305529015}, 
     {0., 0., 0., 0., 0., 0.07426097608575248, -0.0742609760857531, 
     5.695303241013592*^-16, -0.14236104305529024, 0.42662447139897014}}, 
     {{6.1576994071367555, 0.16185378317359972, 2.1287610803984216, 
     -1.9993536830332979, -1.5898120885633216, 0., 0., 0., 0., 0.}, 
     {0.16185378317359977, 6.157699407136764, 2.1287610803984234, 
     1.9993536830333027, 1.589812088563327, 0., 0., 0., 0., 0.}, 
     {2.1287610803984207, 2.128761080398423, 2.006669358693486, 
     -4.3744553905091657*^-16, -3.4103507484600017*^-16, 0., 0., 0., 0., 0.}, 
     {-1.9993536830332985, 1.9993536830333039, 2.684421128569739*^-15, 
     1.898939923800354, 1.2203139989514726, 0., 0., 0., 0., 0.}, 
     {-1.5898120885633225, 1.589812088563327, 2.0640767694342925*^-15, 
     1.2203139989514733, 3.6183089863510993, 0., 0., 0., 0., 0.}, {0., 0., 
     0., 0., 0., 0.5680049690138245, -0.013370950332227094, 
     -0.5883795991199473, 0.5719154164654071, 0.06256018391490355}, {0., 0., 
     0., 0., 0., -0.01337095033222749, 0.5680049690138245, 
     -0.5883795991199481, -0.5719154164654078, -0.06256018391490362}, {0., 
     0., 0., 0., 0., -0.5883795991199476, -0.5883795991199482, 
     1.746694923620113, 2.5344184861323942*^-15, -4.1280471051581234*^-16}, 
     {0., 0., 0., 0., 0., 0.5719154164654066, -0.5719154164654077, 
     2.2121818668464532*^-15, 1.7975427762202603, -0.10366459290395692}, {0., 
     0., 0., 0., 0., 0.06256018391490421, -0.06256018391490369, 
     2.1216127612810528*^-16, -0.10366459290395683, 0.3663095750576697}}, 
     {{6.743395067055107, 0.15317438211049905, 2.1722488154946253, 
     -2.060357934526771, -1.593556037137306, 0., 0., 0., 0., 0.}, 
     {0.1531743821105002, 6.7433950670551015, 2.1722488154946205, 
     2.060357934526766, 1.5935560371373032, 0., 0., 0., 0., 0.}, 
     {2.1722488154946245, 2.1722488154946222, 1.8915178381491389, 
     8.584648353006371*^-16, -3.2439490438945546*^-15, 0., 0., 0., 0., 0.}, 
     {-2.0603579345267717, 2.060357934526765, 1.9489941329490285*^-15, 
     1.8069359882701308, 1.122498223798773, 0., 0., 0., 0., 0.}, 
     {-1.5935560371373072, 1.5935560371373023, -1.074170025961987*^-15, 
     1.1224982237987733, 3.9379086606513236, 0., 0., 0., 0., 0.}, {0., 0., 
     0., 0., 0., 0.5352476561658722, -0.01094081308904367, 
     -0.6021222194466892, 0.5899532424246738, 0.05286066381628714}, {0., 0., 
     0., 0., 0., -0.010940813089045143, 0.5352476561658732, 
     -0.6021222194466883, -0.5899532424246744, -0.0528606638162874}, {0., 0., 
     0., 0., 0., -0.6021222194466895, -0.6021222194466874, 
     1.9116491967584603, -1.036098056964761*^-16, 1.5607975034387404*^-16}, 
     {0., 0., 0., 0., 0., 0.5899532424246741, -0.5899532424246748, 
     -3.085784974198361*^-16, 1.9469587112167204, -0.07750575730994921}, {0., 
     0., 0., 0., 0., 0.05286066381628606, -0.052860663816289, 
     -6.992918511933461*^-16, -0.07750575730994932, 0.3188171801349007}}, 
     {{7.290066146405454, 0.14369328370297454, 2.2067193676670867, 
     -2.1096155743155296, -1.5856227742499966, 0., 0., 0., 0., 0.}, 
     {0.14369328370297285, 7.290066146405452, 2.2067193676670898, 
     2.109615574315523, 1.5856227742499918, 0., 0., 0., 0., 0.}, 
     {2.2067193676670884, 2.2067193676670875, 1.7943937585668983, 
     5.968155909230097*^-15, -7.463349812765888*^-16, 0., 0., 0., 0., 0.}, 
     {-2.109615574315529, 2.1096155743155234, 2.4492624564403088*^-15, 
     1.7268437376856767, 1.0373642845618058, 0., 0., 0., 0., 0.}, 
     {-1.5856227742499949, 1.5856227742499902, -2.7324515131787274*^-15, 
     1.0373642845618074, 4.316318524847426, 0., 0., 0., 0., 0.}, {0., 0., 0., 
     0., 0., 0.507356685068422, -0.00889608360752913, -0.6129996039114739, 
     0.6039549699739077, 0.04449644548752572}, {0., 0., 0., 0., 0., 
     -0.00889608360753039, 0.5073566850684205, -0.6129996039114712, 
     -0.6039549699739051, -0.04449644548752558}, {0., 0., 0., 0., 0., 
     -0.612999603911474, -0.6129996039114707, 2.065007292271662, 
     -2.5344931169232375*^-15, 1.0205908622440788*^-16}, {0., 0., 0., 0., 0., 
     0.603954969973907, -0.6039549699739055, -2.705104546538392*^-15, 
     2.089918411652636, -0.05854924895315067}, {0., 0., 0., 0., 0., 
     0.04449644548752387, -0.0444964454875245, -3.0533538609464084*^-16, 
     -0.05854924895314993, 0.27844239193880693}}, {{7.804010564674693, 
     0.13400048494778657, 2.2347237610129236, -2.150138642809011, 
     -1.5691961334209694, 0., 0., 0., 0., 0.}, {0.13400048494778766, 
     7.804010564674686, 2.2347237610129262, 2.150138642809013, 
     1.569196133420969, 0., 0., 0., 0., 0.}, {2.234723761012923, 
     2.234723761012928, 1.7109809726255076, -7.653062208783805*^-15, 
     -2.9423472168380194*^-15, 0., 0., 0., 0., 0.}, {-2.1501386428090137, 
     2.150138642809011, -3.967112357136408*^-15, 1.6562605051685944, 
     0.9623124425962452, 0., 0., 0., 0., 0.}, {-1.5691961334209705, 
     1.5691961334209668, -2.745830369200484*^-15, 0.9623124425962456, 
     4.752736929062739, 0., 0., 0., 0., 0.}, {0., 0., 0., 0., 0., 
     0.4833094421710533, -0.007217713653550143, -0.6218266100920832, 
     0.6150537447053066, 0.03742253095790515}, {0., 0., 0., 0., 0., 
     -0.00721771365355009, 0.48330944217105315, -0.62182661009208, 
     -0.6150537447053043, -0.03742253095790433}, {0., 0., 0., 0., 0., 
     -0.6218266100920831, -0.6218266100920803, 2.2088038745437086, 
     -1.8768383046628865*^-15, 3.856334763467524*^-16}, {0., 0., 0., 0., 0., 
     0.6150537447053066, -0.6150537447053045, -1.4705135310064817*^-15, 
     2.226653916105703, -0.044702001377291335}, {0., 0., 0., 0., 0., 
     0.037422530957903107, -0.03742253095790386, 1.0592214474402119*^-16, 
     -0.044702001377290426, 0.2441674957437863}}, {{8.290880145139699, 
     0.12360130082920083, 2.2579306893087976, -2.1845163684005966, 
     -1.541319686446909, 0., 0., 0., 0., 0.}, {0.12360130082920168, 
     8.290880145139708, 2.2579306893087967, 2.1845163684005984, 
     1.5413196864469156, 0., 0., 0., 0., 0.}, {2.2579306893087967, 
     2.2579306893087963, 1.6383003034465762, -1.9195670085201943*^-15, 
     5.457871344127772*^-16, 0., 0., 0., 0., 0.}, {-2.1845163684005975, 
     2.1845163684005997, -1.0163532034803382*^-16, 1.5937871918653266, 
     0.8922716733954329, 0., 0., 0., 0., 0.}, {-1.5413196864469094, 
     1.541319686446918, 1.8545668113161204*^-15, 0.8922716733954335, 
     5.294757962062763, 0., 0., 0., 0., 0.}, {0., 0., 0., 0., 0., 
     0.462256921590082, -0.005771778948008753, -0.6291348482428273, 
     0.6241067308843312, 0.031070181866050196}, {0., 0., 0., 0., 0., 
     -0.005771778948007288, 0.46225692159008086, -0.6291348482428261, 
     -0.6241067308843299, -0.031070181866049675}, {0., 0., 0., 0., 0., 
     -0.6291348482428267, -0.6291348482428265, 2.3445553632880984, 
     -3.1918729022859815*^-15, 8.757871539095719*^-16}, {0., 0., 0., 0., 0., 
     0.6241067308843319, -0.6241067308843293, -2.7998583176789716*^-15, 
     2.3572654225681604, -0.03388732459643767}, {0., 0., 0., 0., 0., 
     0.031070181866049273, -0.031070181866049686, 6.084961697841295*^-16, 
     -0.033887324596437424, 0.2126659752600183}}, {{8.753138269472727, 
     0.11400229695035294, 2.2774786689774245, -2.213348110587379, 
     -1.5112097688588566, 0., 0., 0., 0., 0.}, {0.11400229695035193, 
     8.753138269472709, 2.277478668977427, 2.2133481105873742, 
     1.5112097688588502, 0., 0., 0., 0., 0.}, {2.277478668977426, 
     2.2774786689774262, 1.5742146522025973, -5.9660169709453745*^-15, 
     -2.0433555203904394*^-15, 0., 0., 0., 0., 0.}, {-2.2133481105873782, 
     2.213348110587376, -1.1016481912045833*^-14, 1.5375021310201182, 
     0.8308052878568619, 0., 0., 0., 0., 0.}, {-1.5112097688588573, 
     1.5112097688588497, -3.852953501917451*^-15, 0.83080528785686, 
     5.8797633382333725, 0., 0., 0., 0., 0.}, {0., 0., 0., 0., 0., 
     0.44377413073477945, -0.004658294571091786, -0.6352862671387874, 
     0.6314877510108714, 0.026026914730315306}, {0., 0., 0., 0., 0., 
     -0.004658294571094019, 0.4437741307347822, -0.6352862671387873, 
     -0.6314877510108728, -0.026026914730314425}, {0., 0., 0., 0., 0., 
     -0.6352862671387877, -0.6352862671387869, 2.4734249797242214, 
     2.6809056791164663*^-15, -2.637109542042905*^-17}, {0., 0., 0., 0., 0., 
     0.6314877510108707, -0.6314877510108734, 2.4824739161431742*^-15, 
     2.4827075343155736, -0.0261958895905227}, {0., 0., 0., 0., 0., 
     0.026026914730316115, -0.026026914730314706, 2.1440139994178977*^-16, 
     -0.0261958895905229, 0.18715514143635156}}, {{9.196274650613917, 
     0.10284108343168089, 2.2941715895749346, -2.2391331742866303, 
     -1.4632209701309014, 0., 0., 0., 0., 0.}, {0.10284108343168115, 
     9.1962746506139, 2.2941715895749315, 2.239133174286627, 
     1.4632209701308945, 0., 0., 0., 0., 0.}, {2.2941715895749346, 
     2.2941715895749324, 1.5171431828712636, 3.0482017146410188*^-15, 
     -4.150454300890639*^-16, 0., 0., 0., 0., 0.}, {-2.2391331742866285, 
     2.239133174286626, -2.14165030404762*^-16, 1.4872585585643796, 
     0.7673312438272666, 0., 0., 0., 0., 0.}, {-1.4632209701308991, 
     1.4632209701308927, -3.261309103447926*^-15, 0.7673312438272673, 
     6.691056636570663, 0., 0., 0., 0., 0.}, {0., 0., 0., 0., 0., 
     0.4272118158089546, -0.003623261484784255, -0.6405360008015013, 
     0.6377666661166015, 0.02107718380540154}, {0., 0., 0., 0., 0., 
     -0.003623261484787517, 0.42721181580895284, -0.6405360008014985, 
     -0.6377666661165966, -0.021077183805401883}, {0., 0., 0., 0., 0., 
     -0.6405360008015023, -0.6405360008014972, 2.596326460646079, 
     -5.164757504866064*^-15, 1.4894908232491407*^-16}, {0., 0., 0., 0., 0., 
     0.6377666661166004, -0.6377666661165975, -5.6196623986199855*^-15, 
     2.6028394353942095, -0.019556388284617903}, {0., 0., 0., 0., 0., 
     0.021077183805402733, -0.02107718380540196, 3.3255822035039954*^-16, 
     -0.019556388284618326, 0.16091440274667493}}, {{9.6245571523084, 
     0.08836168251418987, 2.308593479604893, -2.2634521999963138, 
     -1.381040230865799, 0., 0., 0., 0., 0.}, {0.08836168251419006, 
     9.624557152308412, 2.308593479604889, 2.2634521999963204, 
     1.381040230865805, 0., 0., 0., 0., 0.}, {2.3085934796048897, 
     2.308593479604889, 1.4658867212591071, -5.341947309646242*^-16, 
     -4.524774074232333*^-17, 0., 0., 0., 0., 0.}, {-2.2634521999963164, 
     2.2634521999963177, 1.448633523011037*^-14, 1.4425626129556277, 
     0.6932625563800034, 0., 0., 0., 0., 0.}, {-1.3810402308657994, 
     1.3810402308658045, -7.953711342425674*^-16, 0.6932625563800032, 
     8.014452524676093, 0., 0., 0., 0., 0.}, {0., 0., 0., 0., 0., 
     0.4121942530786265, -0.0025949436072752615, -0.645069145782292, 
     0.6432139242510169, 0.01583694433717867}, {0., 0., 0., 0., 0., 
     -0.002594943607278365, 0.41219425307863555, -0.6450691457822902, 
     -0.6432139242510141, -0.015836944337181674}, {0., 0., 0., 0., 0., 
     -0.6450691457822926, -0.6450691457822897, 2.7139920090669576, 
     1.7971889922580576*^-15, -9.296538505921313*^-16}, {0., 0., 0., 0., 0., 
     0.6432139242510165, -0.6432139242510152, 1.3871333349909976*^-15, 
     2.718142603954953, -0.013447940081237453}, {0., 0., 0., 0., 0., 
     0.015836944337179568, -0.015836944337179873, -4.461483057600643*^-16, 
     -0.013447940081237406, 0.131395858245299}}}
SPrimeTable = {{{4.82852488690415, 0.17524125537582044, 1.9952849913449107, 
     -1.8169471547783926, -1.5401878973092586, 0., 0., 0., 0., 0.}, 
     {0.17524125537582122, 4.828524886904155, 1.9952849913449142, 
     1.8169471547783915, 1.5401878973092593, 0., 0., 0., 0., 0.}, 
     {1.9952849913449113, 1.995284991344913, 2.3215176898710226, 
     1.8994670266380332*^-15, -8.285245988882319*^-16, 0., 0., 0., 0., 0.}, 
     {-1.8169471547783926, 1.816947154778392, -5.046559914634971*^-16, 
     2.129150741790866, 1.4885872396246713, 0., 0., 0., 0., 0.}, 
     {-1.540187897309259, 1.5401878973092593, 4.891430016426935*^-16, 
     1.4885872396246722, 3.0804120810313593, 0., 0., 0., 0., 0.}, {0., 0., 
     0., 0., 0., 0.6553178683010875, -0.019983138815047843, 
     -0.5460539265992437, 0.513809860725298, 0.08935156358686559}, {0., 0., 
     0., 0., 0., -0.019983138815048634, 0.6553178683010864, 
     -0.5460539265992406, -0.5138098607252964, -0.08935156358686532}, {0., 
     0., 0., 0., 0., -0.546053926599244, -0.5460539265992405, 
     1.3693914210894815, -7.045815684137851*^-16, 2.192106665158941*^-16}, 
     {0., 0., 0., 0., 0., 0.5138098607252978, -0.5138098607252968, 
     -6.49807565736533*^-16, 1.491194949130007, -0.20680555013272256}, {0., 
     0., 0., 0., 0., 0.08935156358686502, -0.08935156358686523, 
     -2.22533403060309*^-16, -0.20680555013272253, 0.513919714327763}}, 
     {{5.523734780700771, 0.16945812324710155, 2.072143160888929, 
     -1.9212501534692168, -1.5731047598675147, 0., 0., 0., 0., 0.}, 
     {0.16945812324710127, 5.523734780700779, 2.072143160888928, 
     1.9212501534692172, 1.5731047598675154, 0., 0., 0., 0., 0.}, 
     {2.0721431608889285, 2.072143160888929, 2.146423673611428, 
     -1.4140404676889345*^-16, -2.071607260023593*^-15, 0., 0., 0., 0., 0.}, 
     {-1.921250153469218, 1.9212501534692175, 1.1319177538680288*^-15, 
     2.00546461484063, 1.3380569940358464, 0., 0., 0., 0., 0.}, 
     {-1.5731047598675145, 1.5731047598675154, -1.2677333157441078*^-15, 
     1.3380569940358478, 3.3381296074607154, 0., 0., 0., 0., 0.}, {0., 0., 
     0., 0., 0., 0.6072182604170309, -0.01631570501743263, 
     -0.5704534030147533, 0.547802888277872, 0.07426097608575188}, {0., 0., 
     0., 0., 0., -0.016315705017433433, 0.6072182604170316, 
     -0.5704534030147516, -0.5478028882778703, -0.07426097608575274}, {0., 
     0., 0., 0., 0., -0.5704534030147536, -0.5704534030147512, 
     1.5673151003154018, -1.9529746916227774*^-15, 2.2379950908533363*^-16}, 
     {0., 0., 0., 0., 0., 0.5478028882778718, -0.5478028882778703, 
     -2.0224729620948925*^-15, 1.6432201951116046, -0.14236104305529015}, 
     {0., 0., 0., 0., 0., 0.07426097608575248, -0.0742609760857531, 
     5.695303241013592*^-16, -0.14236104305529024, 0.42662447139897014}}, 
     {{6.1576994071367555, 0.16185378317359972, 2.1287610803984216, 
     -1.9993536830332979, -1.5898120885633216, 0., 0., 0., 0., 0.}, 
     {0.16185378317359977, 6.157699407136764, 2.1287610803984234, 
     1.9993536830333027, 1.589812088563327, 0., 0., 0., 0., 0.}, 
     {2.1287610803984207, 2.128761080398423, 2.006669358693486, 
     -4.3744553905091657*^-16, -3.4103507484600017*^-16, 0., 0., 0., 0., 0.}, 
     {-1.9993536830332985, 1.9993536830333039, 2.684421128569739*^-15, 
     1.898939923800354, 1.2203139989514726, 0., 0., 0., 0., 0.}, 
     {-1.5898120885633225, 1.589812088563327, 2.0640767694342925*^-15, 
     1.2203139989514733, 3.6183089863510993, 0., 0., 0., 0., 0.}, {0., 0., 
     0., 0., 0., 0.5680049690138245, -0.013370950332227094, 
     -0.5883795991199473, 0.5719154164654071, 0.06256018391490355}, {0., 0., 
     0., 0., 0., -0.01337095033222749, 0.5680049690138245, 
     -0.5883795991199481, -0.5719154164654078, -0.06256018391490362}, {0., 
     0., 0., 0., 0., -0.5883795991199476, -0.5883795991199482, 
     1.746694923620113, 2.5344184861323942*^-15, -4.1280471051581234*^-16}, 
     {0., 0., 0., 0., 0., 0.5719154164654066, -0.5719154164654077, 
     2.2121818668464532*^-15, 1.7975427762202603, -0.10366459290395692}, {0., 
     0., 0., 0., 0., 0.06256018391490421, -0.06256018391490369, 
     2.1216127612810528*^-16, -0.10366459290395683, 0.3663095750576697}}, 
     {{6.743395067055107, 0.15317438211049905, 2.1722488154946253, 
     -2.060357934526771, -1.593556037137306, 0., 0., 0., 0., 0.}, 
     {0.1531743821105002, 6.7433950670551015, 2.1722488154946205, 
     2.060357934526766, 1.5935560371373032, 0., 0., 0., 0., 0.}, 
     {2.1722488154946245, 2.1722488154946222, 1.8915178381491389, 
     8.584648353006371*^-16, -3.2439490438945546*^-15, 0., 0., 0., 0., 0.}, 
     {-2.0603579345267717, 2.060357934526765, 1.9489941329490285*^-15, 
     1.8069359882701308, 1.122498223798773, 0., 0., 0., 0., 0.}, 
     {-1.5935560371373072, 1.5935560371373023, -1.074170025961987*^-15, 
     1.1224982237987733, 3.9379086606513236, 0., 0., 0., 0., 0.}, {0., 0., 
     0., 0., 0., 0.5352476561658722, -0.01094081308904367, 
     -0.6021222194466892, 0.5899532424246738, 0.05286066381628714}, {0., 0., 
     0., 0., 0., -0.010940813089045143, 0.5352476561658732, 
     -0.6021222194466883, -0.5899532424246744, -0.0528606638162874}, {0., 0., 
     0., 0., 0., -0.6021222194466895, -0.6021222194466874, 
     1.9116491967584603, -1.036098056964761*^-16, 1.5607975034387404*^-16}, 
     {0., 0., 0., 0., 0., 0.5899532424246741, -0.5899532424246748, 
     -3.085784974198361*^-16, 1.9469587112167204, -0.07750575730994921}, {0., 
     0., 0., 0., 0., 0.05286066381628606, -0.052860663816289, 
     -6.992918511933461*^-16, -0.07750575730994932, 0.3188171801349007}}, 
     {{7.290066146405454, 0.14369328370297454, 2.2067193676670867, 
     -2.1096155743155296, -1.5856227742499966, 0., 0., 0., 0., 0.}, 
     {0.14369328370297285, 7.290066146405452, 2.2067193676670898, 
     2.109615574315523, 1.5856227742499918, 0., 0., 0., 0., 0.}, 
     {2.2067193676670884, 2.2067193676670875, 1.7943937585668983, 
     5.968155909230097*^-15, -7.463349812765888*^-16, 0., 0., 0., 0., 0.}, 
     {-2.109615574315529, 2.1096155743155234, 2.4492624564403088*^-15, 
     1.7268437376856767, 1.0373642845618058, 0., 0., 0., 0., 0.}, 
     {-1.5856227742499949, 1.5856227742499902, -2.7324515131787274*^-15, 
     1.0373642845618074, 4.316318524847426, 0., 0., 0., 0., 0.}, {0., 0., 0., 
     0., 0., 0.507356685068422, -0.00889608360752913, -0.6129996039114739, 
     0.6039549699739077, 0.04449644548752572}, {0., 0., 0., 0., 0., 
     -0.00889608360753039, 0.5073566850684205, -0.6129996039114712, 
     -0.6039549699739051, -0.04449644548752558}, {0., 0., 0., 0., 0., 
     -0.612999603911474, -0.6129996039114707, 2.065007292271662, 
     -2.5344931169232375*^-15, 1.0205908622440788*^-16}, {0., 0., 0., 0., 0., 
     0.603954969973907, -0.6039549699739055, -2.705104546538392*^-15, 
     2.089918411652636, -0.05854924895315067}, {0., 0., 0., 0., 0., 
     0.04449644548752387, -0.0444964454875245, -3.0533538609464084*^-16, 
     -0.05854924895314993, 0.27844239193880693}}, {{7.804010564674693, 
     0.13400048494778657, 2.2347237610129236, -2.150138642809011, 
     -1.5691961334209694, 0., 0., 0., 0., 0.}, {0.13400048494778766, 
     7.804010564674686, 2.2347237610129262, 2.150138642809013, 
     1.569196133420969, 0., 0., 0., 0., 0.}, {2.234723761012923, 
     2.234723761012928, 1.7109809726255076, -7.653062208783805*^-15, 
     -2.9423472168380194*^-15, 0., 0., 0., 0., 0.}, {-2.1501386428090137, 
     2.150138642809011, -3.967112357136408*^-15, 1.6562605051685944, 
     0.9623124425962452, 0., 0., 0., 0., 0.}, {-1.5691961334209705, 
     1.5691961334209668, -2.745830369200484*^-15, 0.9623124425962456, 
     4.752736929062739, 0., 0., 0., 0., 0.}, {0., 0., 0., 0., 0., 
     0.4833094421710533, -0.007217713653550143, -0.6218266100920832, 
     0.6150537447053066, 0.03742253095790515}, {0., 0., 0., 0., 0., 
     -0.00721771365355009, 0.48330944217105315, -0.62182661009208, 
     -0.6150537447053043, -0.03742253095790433}, {0., 0., 0., 0., 0., 
     -0.6218266100920831, -0.6218266100920803, 2.2088038745437086, 
     -1.8768383046628865*^-15, 3.856334763467524*^-16}, {0., 0., 0., 0., 0., 
     0.6150537447053066, -0.6150537447053045, -1.4705135310064817*^-15, 
     2.226653916105703, -0.044702001377291335}, {0., 0., 0., 0., 0., 
     0.037422530957903107, -0.03742253095790386, 1.0592214474402119*^-16, 
     -0.044702001377290426, 0.2441674957437863}}, {{8.290880145139699, 
     0.12360130082920083, 2.2579306893087976, -2.1845163684005966, 
     -1.541319686446909, 0., 0., 0., 0., 0.}, {0.12360130082920168, 
     8.290880145139708, 2.2579306893087967, 2.1845163684005984, 
     1.5413196864469156, 0., 0., 0., 0., 0.}, {2.2579306893087967, 
     2.2579306893087963, 1.6383003034465762, -1.9195670085201943*^-15, 
     5.457871344127772*^-16, 0., 0., 0., 0., 0.}, {-2.1845163684005975, 
     2.1845163684005997, -1.0163532034803382*^-16, 1.5937871918653266, 
     0.8922716733954329, 0., 0., 0., 0., 0.}, {-1.5413196864469094, 
     1.541319686446918, 1.8545668113161204*^-15, 0.8922716733954335, 
     5.294757962062763, 0., 0., 0., 0., 0.}, {0., 0., 0., 0., 0., 
     0.462256921590082, -0.005771778948008753, -0.6291348482428273, 
     0.6241067308843312, 0.031070181866050196}, {0., 0., 0., 0., 0., 
     -0.005771778948007288, 0.46225692159008086, -0.6291348482428261, 
     -0.6241067308843299, -0.031070181866049675}, {0., 0., 0., 0., 0., 
     -0.6291348482428267, -0.6291348482428265, 2.3445553632880984, 
     -3.1918729022859815*^-15, 8.757871539095719*^-16}, {0., 0., 0., 0., 0., 
     0.6241067308843319, -0.6241067308843293, -2.7998583176789716*^-15, 
     2.3572654225681604, -0.03388732459643767}, {0., 0., 0., 0., 0., 
     0.031070181866049273, -0.031070181866049686, 6.084961697841295*^-16, 
     -0.033887324596437424, 0.2126659752600183}}, {{8.753138269472727, 
     0.11400229695035294, 2.2774786689774245, -2.213348110587379, 
     -1.5112097688588566, 0., 0., 0., 0., 0.}, {0.11400229695035193, 
     8.753138269472709, 2.277478668977427, 2.2133481105873742, 
     1.5112097688588502, 0., 0., 0., 0., 0.}, {2.277478668977426, 
     2.2774786689774262, 1.5742146522025973, -5.9660169709453745*^-15, 
     -2.0433555203904394*^-15, 0., 0., 0., 0., 0.}, {-2.2133481105873782, 
     2.213348110587376, -1.1016481912045833*^-14, 1.5375021310201182, 
     0.8308052878568619, 0., 0., 0., 0., 0.}, {-1.5112097688588573, 
     1.5112097688588497, -3.852953501917451*^-15, 0.83080528785686, 
     5.8797633382333725, 0., 0., 0., 0., 0.}, {0., 0., 0., 0., 0., 
     0.44377413073477945, -0.004658294571091786, -0.6352862671387874, 
     0.6314877510108714, 0.026026914730315306}, {0., 0., 0., 0., 0., 
     -0.004658294571094019, 0.4437741307347822, -0.6352862671387873, 
     -0.6314877510108728, -0.026026914730314425}, {0., 0., 0., 0., 0., 
     -0.6352862671387877, -0.6352862671387869, 2.4734249797242214, 
     2.6809056791164663*^-15, -2.637109542042905*^-17}, {0., 0., 0., 0., 0., 
     0.6314877510108707, -0.6314877510108734, 2.4824739161431742*^-15, 
     2.4827075343155736, -0.0261958895905227}, {0., 0., 0., 0., 0., 
     0.026026914730316115, -0.026026914730314706, 2.1440139994178977*^-16, 
     -0.0261958895905229, 0.18715514143635156}}, {{9.196274650613917, 
     0.10284108343168089, 2.2941715895749346, -2.2391331742866303, 
     -1.4632209701309014, 0., 0., 0., 0., 0.}, {0.10284108343168115, 
     9.1962746506139, 2.2941715895749315, 2.239133174286627, 
     1.4632209701308945, 0., 0., 0., 0., 0.}, {2.2941715895749346, 
     2.2941715895749324, 1.5171431828712636, 3.0482017146410188*^-15, 
     -4.150454300890639*^-16, 0., 0., 0., 0., 0.}, {-2.2391331742866285, 
     2.239133174286626, -2.14165030404762*^-16, 1.4872585585643796, 
     0.7673312438272666, 0., 0., 0., 0., 0.}, {-1.4632209701308991, 
     1.4632209701308927, -3.261309103447926*^-15, 0.7673312438272673, 
     6.691056636570663, 0., 0., 0., 0., 0.}, {0., 0., 0., 0., 0., 
     0.4272118158089546, -0.003623261484784255, -0.6405360008015013, 
     0.6377666661166015, 0.02107718380540154}, {0., 0., 0., 0., 0., 
     -0.003623261484787517, 0.42721181580895284, -0.6405360008014985, 
     -0.6377666661165966, -0.021077183805401883}, {0., 0., 0., 0., 0., 
     -0.6405360008015023, -0.6405360008014972, 2.596326460646079, 
     -5.164757504866064*^-15, 1.4894908232491407*^-16}, {0., 0., 0., 0., 0., 
     0.6377666661166004, -0.6377666661165975, -5.6196623986199855*^-15, 
     2.6028394353942095, -0.019556388284617903}, {0., 0., 0., 0., 0., 
     0.021077183805402733, -0.02107718380540196, 3.3255822035039954*^-16, 
     -0.019556388284618326, 0.16091440274667493}}, {{9.6245571523084, 
     0.08836168251418987, 2.308593479604893, -2.2634521999963138, 
     -1.381040230865799, 0., 0., 0., 0., 0.}, {0.08836168251419006, 
     9.624557152308412, 2.308593479604889, 2.2634521999963204, 
     1.381040230865805, 0., 0., 0., 0., 0.}, {2.3085934796048897, 
     2.308593479604889, 1.4658867212591071, -5.341947309646242*^-16, 
     -4.524774074232333*^-17, 0., 0., 0., 0., 0.}, {-2.2634521999963164, 
     2.2634521999963177, 1.448633523011037*^-14, 1.4425626129556277, 
     0.6932625563800034, 0., 0., 0., 0., 0.}, {-1.3810402308657994, 
     1.3810402308658045, -7.953711342425674*^-16, 0.6932625563800032, 
     8.014452524676093, 0., 0., 0., 0., 0.}, {0., 0., 0., 0., 0., 
     0.4121942530786265, -0.0025949436072752615, -0.645069145782292, 
     0.6432139242510169, 0.01583694433717867}, {0., 0., 0., 0., 0., 
     -0.002594943607278365, 0.41219425307863555, -0.6450691457822902, 
     -0.6432139242510141, -0.015836944337181674}, {0., 0., 0., 0., 0., 
     -0.6450691457822926, -0.6450691457822897, 2.7139920090669576, 
     1.7971889922580576*^-15, -9.296538505921313*^-16}, {0., 0., 0., 0., 0., 
     0.6432139242510165, -0.6432139242510152, 1.3871333349909976*^-15, 
     2.718142603954953, -0.013447940081237453}, {0., 0., 0., 0., 0., 
     0.015836944337179568, -0.015836944337179873, -4.461483057600643*^-16, 
     -0.013447940081237406, 0.131395858245299}}}
SPrimeTable = {{{4.82852488690415, 0.17524125537582044, 1.9952849913449107, 
     -1.8169471547783926, -1.5401878973092586, 0., 0., 0., 0., 0.}, 
     {0.17524125537582122, 4.828524886904155, 1.9952849913449142, 
     1.8169471547783915, 1.5401878973092593, 0., 0., 0., 0., 0.}, 
     {1.9952849913449113, 1.995284991344913, 2.3215176898710226, 
     1.8994670266380332*^-15, -8.285245988882319*^-16, 0., 0., 0., 0., 0.}, 
     {-1.8169471547783926, 1.816947154778392, -5.046559914634971*^-16, 
     2.129150741790866, 1.4885872396246713, 0., 0., 0., 0., 0.}, 
     {-1.540187897309259, 1.5401878973092593, 4.891430016426935*^-16, 
     1.4885872396246722, 3.0804120810313593, 0., 0., 0., 0., 0.}, {0., 0., 
     0., 0., 0., 0.6553178683010875, -0.019983138815047843, 
     -0.5460539265992437, 0.513809860725298, 0.08935156358686559}, {0., 0., 
     0., 0., 0., -0.019983138815048634, 0.6553178683010864, 
     -0.5460539265992406, -0.5138098607252964, -0.08935156358686532}, {0., 
     0., 0., 0., 0., -0.546053926599244, -0.5460539265992405, 
     1.3693914210894815, -7.045815684137851*^-16, 2.192106665158941*^-16}, 
     {0., 0., 0., 0., 0., 0.5138098607252978, -0.5138098607252968, 
     -6.49807565736533*^-16, 1.491194949130007, -0.20680555013272256}, {0., 
     0., 0., 0., 0., 0.08935156358686502, -0.08935156358686523, 
     -2.22533403060309*^-16, -0.20680555013272253, 0.513919714327763}}, 
     {{5.523734780700771, 0.16945812324710155, 2.072143160888929, 
     -1.9212501534692168, -1.5731047598675147, 0., 0., 0., 0., 0.}, 
     {0.16945812324710127, 5.523734780700779, 2.072143160888928, 
     1.9212501534692172, 1.5731047598675154, 0., 0., 0., 0., 0.}, 
     {2.0721431608889285, 2.072143160888929, 2.146423673611428, 
     -1.4140404676889345*^-16, -2.071607260023593*^-15, 0., 0., 0., 0., 0.}, 
     {-1.921250153469218, 1.9212501534692175, 1.1319177538680288*^-15, 
     2.00546461484063, 1.3380569940358464, 0., 0., 0., 0., 0.}, 
     {-1.5731047598675145, 1.5731047598675154, -1.2677333157441078*^-15, 
     1.3380569940358478, 3.3381296074607154, 0., 0., 0., 0., 0.}, {0., 0., 
     0., 0., 0., 0.6072182604170309, -0.01631570501743263, 
     -0.5704534030147533, 0.547802888277872, 0.07426097608575188}, {0., 0., 
     0., 0., 0., -0.016315705017433433, 0.6072182604170316, 
     -0.5704534030147516, -0.5478028882778703, -0.07426097608575274}, {0., 
     0., 0., 0., 0., -0.5704534030147536, -0.5704534030147512, 
     1.5673151003154018, -1.9529746916227774*^-15, 2.2379950908533363*^-16}, 
     {0., 0., 0., 0., 0., 0.5478028882778718, -0.5478028882778703, 
     -2.0224729620948925*^-15, 1.6432201951116046, -0.14236104305529015}, 
     {0., 0., 0., 0., 0., 0.07426097608575248, -0.0742609760857531, 
     5.695303241013592*^-16, -0.14236104305529024, 0.42662447139897014}}, 
     {{6.1576994071367555, 0.16185378317359972, 2.1287610803984216, 
     -1.9993536830332979, -1.5898120885633216, 0., 0., 0., 0., 0.}, 
     {0.16185378317359977, 6.157699407136764, 2.1287610803984234, 
     1.9993536830333027, 1.589812088563327, 0., 0., 0., 0., 0.}, 
     {2.1287610803984207, 2.128761080398423, 2.006669358693486, 
     -4.3744553905091657*^-16, -3.4103507484600017*^-16, 0., 0., 0., 0., 0.}, 
     {-1.9993536830332985, 1.9993536830333039, 2.684421128569739*^-15, 
     1.898939923800354, 1.2203139989514726, 0., 0., 0., 0., 0.}, 
     {-1.5898120885633225, 1.589812088563327, 2.0640767694342925*^-15, 
     1.2203139989514733, 3.6183089863510993, 0., 0., 0., 0., 0.}, {0., 0., 
     0., 0., 0., 0.5680049690138245, -0.013370950332227094, 
     -0.5883795991199473, 0.5719154164654071, 0.06256018391490355}, {0., 0., 
     0., 0., 0., -0.01337095033222749, 0.5680049690138245, 
     -0.5883795991199481, -0.5719154164654078, -0.06256018391490362}, {0., 
     0., 0., 0., 0., -0.5883795991199476, -0.5883795991199482, 
     1.746694923620113, 2.5344184861323942*^-15, -4.1280471051581234*^-16}, 
     {0., 0., 0., 0., 0., 0.5719154164654066, -0.5719154164654077, 
     2.2121818668464532*^-15, 1.7975427762202603, -0.10366459290395692}, {0., 
     0., 0., 0., 0., 0.06256018391490421, -0.06256018391490369, 
     2.1216127612810528*^-16, -0.10366459290395683, 0.3663095750576697}}, 
     {{6.743395067055107, 0.15317438211049905, 2.1722488154946253, 
     -2.060357934526771, -1.593556037137306, 0., 0., 0., 0., 0.}, 
     {0.1531743821105002, 6.7433950670551015, 2.1722488154946205, 
     2.060357934526766, 1.5935560371373032, 0., 0., 0., 0., 0.}, 
     {2.1722488154946245, 2.1722488154946222, 1.8915178381491389, 
     8.584648353006371*^-16, -3.2439490438945546*^-15, 0., 0., 0., 0., 0.}, 
     {-2.0603579345267717, 2.060357934526765, 1.9489941329490285*^-15, 
     1.8069359882701308, 1.122498223798773, 0., 0., 0., 0., 0.}, 
     {-1.5935560371373072, 1.5935560371373023, -1.074170025961987*^-15, 
     1.1224982237987733, 3.9379086606513236, 0., 0., 0., 0., 0.}, {0., 0., 
     0., 0., 0., 0.5352476561658722, -0.01094081308904367, 
     -0.6021222194466892, 0.5899532424246738, 0.05286066381628714}, {0., 0., 
     0., 0., 0., -0.010940813089045143, 0.5352476561658732, 
     -0.6021222194466883, -0.5899532424246744, -0.0528606638162874}, {0., 0., 
     0., 0., 0., -0.6021222194466895, -0.6021222194466874, 
     1.9116491967584603, -1.036098056964761*^-16, 1.5607975034387404*^-16}, 
     {0., 0., 0., 0., 0., 0.5899532424246741, -0.5899532424246748, 
     -3.085784974198361*^-16, 1.9469587112167204, -0.07750575730994921}, {0., 
     0., 0., 0., 0., 0.05286066381628606, -0.052860663816289, 
     -6.992918511933461*^-16, -0.07750575730994932, 0.3188171801349007}}, 
     {{7.290066146405454, 0.14369328370297454, 2.2067193676670867, 
     -2.1096155743155296, -1.5856227742499966, 0., 0., 0., 0., 0.}, 
     {0.14369328370297285, 7.290066146405452, 2.2067193676670898, 
     2.109615574315523, 1.5856227742499918, 0., 0., 0., 0., 0.}, 
     {2.2067193676670884, 2.2067193676670875, 1.7943937585668983, 
     5.968155909230097*^-15, -7.463349812765888*^-16, 0., 0., 0., 0., 0.}, 
     {-2.109615574315529, 2.1096155743155234, 2.4492624564403088*^-15, 
     1.7268437376856767, 1.0373642845618058, 0., 0., 0., 0., 0.}, 
     {-1.5856227742499949, 1.5856227742499902, -2.7324515131787274*^-15, 
     1.0373642845618074, 4.316318524847426, 0., 0., 0., 0., 0.}, {0., 0., 0., 
     0., 0., 0.507356685068422, -0.00889608360752913, -0.6129996039114739, 
     0.6039549699739077, 0.04449644548752572}, {0., 0., 0., 0., 0., 
     -0.00889608360753039, 0.5073566850684205, -0.6129996039114712, 
     -0.6039549699739051, -0.04449644548752558}, {0., 0., 0., 0., 0., 
     -0.612999603911474, -0.6129996039114707, 2.065007292271662, 
     -2.5344931169232375*^-15, 1.0205908622440788*^-16}, {0., 0., 0., 0., 0., 
     0.603954969973907, -0.6039549699739055, -2.705104546538392*^-15, 
     2.089918411652636, -0.05854924895315067}, {0., 0., 0., 0., 0., 
     0.04449644548752387, -0.0444964454875245, -3.0533538609464084*^-16, 
     -0.05854924895314993, 0.27844239193880693}}, {{7.804010564674693, 
     0.13400048494778657, 2.2347237610129236, -2.150138642809011, 
     -1.5691961334209694, 0., 0., 0., 0., 0.}, {0.13400048494778766, 
     7.804010564674686, 2.2347237610129262, 2.150138642809013, 
     1.569196133420969, 0., 0., 0., 0., 0.}, {2.234723761012923, 
     2.234723761012928, 1.7109809726255076, -7.653062208783805*^-15, 
     -2.9423472168380194*^-15, 0., 0., 0., 0., 0.}, {-2.1501386428090137, 
     2.150138642809011, -3.967112357136408*^-15, 1.6562605051685944, 
     0.9623124425962452, 0., 0., 0., 0., 0.}, {-1.5691961334209705, 
     1.5691961334209668, -2.745830369200484*^-15, 0.9623124425962456, 
     4.752736929062739, 0., 0., 0., 0., 0.}, {0., 0., 0., 0., 0., 
     0.4833094421710533, -0.007217713653550143, -0.6218266100920832, 
     0.6150537447053066, 0.03742253095790515}, {0., 0., 0., 0., 0., 
     -0.00721771365355009, 0.48330944217105315, -0.62182661009208, 
     -0.6150537447053043, -0.03742253095790433}, {0., 0., 0., 0., 0., 
     -0.6218266100920831, -0.6218266100920803, 2.2088038745437086, 
     -1.8768383046628865*^-15, 3.856334763467524*^-16}, {0., 0., 0., 0., 0., 
     0.6150537447053066, -0.6150537447053045, -1.4705135310064817*^-15, 
     2.226653916105703, -0.044702001377291335}, {0., 0., 0., 0., 0., 
     0.037422530957903107, -0.03742253095790386, 1.0592214474402119*^-16, 
     -0.044702001377290426, 0.2441674957437863}}, {{8.290880145139699, 
     0.12360130082920083, 2.2579306893087976, -2.1845163684005966, 
     -1.541319686446909, 0., 0., 0., 0., 0.}, {0.12360130082920168, 
     8.290880145139708, 2.2579306893087967, 2.1845163684005984, 
     1.5413196864469156, 0., 0., 0., 0., 0.}, {2.2579306893087967, 
     2.2579306893087963, 1.6383003034465762, -1.9195670085201943*^-15, 
     5.457871344127772*^-16, 0., 0., 0., 0., 0.}, {-2.1845163684005975, 
     2.1845163684005997, -1.0163532034803382*^-16, 1.5937871918653266, 
     0.8922716733954329, 0., 0., 0., 0., 0.}, {-1.5413196864469094, 
     1.541319686446918, 1.8545668113161204*^-15, 0.8922716733954335, 
     5.294757962062763, 0., 0., 0., 0., 0.}, {0., 0., 0., 0., 0., 
     0.462256921590082, -0.005771778948008753, -0.6291348482428273, 
     0.6241067308843312, 0.031070181866050196}, {0., 0., 0., 0., 0., 
     -0.005771778948007288, 0.46225692159008086, -0.6291348482428261, 
     -0.6241067308843299, -0.031070181866049675}, {0., 0., 0., 0., 0., 
     -0.6291348482428267, -0.6291348482428265, 2.3445553632880984, 
     -3.1918729022859815*^-15, 8.757871539095719*^-16}, {0., 0., 0., 0., 0., 
     0.6241067308843319, -0.6241067308843293, -2.7998583176789716*^-15, 
     2.3572654225681604, -0.03388732459643767}, {0., 0., 0., 0., 0., 
     0.031070181866049273, -0.031070181866049686, 6.084961697841295*^-16, 
     -0.033887324596437424, 0.2126659752600183}}, {{8.753138269472727, 
     0.11400229695035294, 2.2774786689774245, -2.213348110587379, 
     -1.5112097688588566, 0., 0., 0., 0., 0.}, {0.11400229695035193, 
     8.753138269472709, 2.277478668977427, 2.2133481105873742, 
     1.5112097688588502, 0., 0., 0., 0., 0.}, {2.277478668977426, 
     2.2774786689774262, 1.5742146522025973, -5.9660169709453745*^-15, 
     -2.0433555203904394*^-15, 0., 0., 0., 0., 0.}, {-2.2133481105873782, 
     2.213348110587376, -1.1016481912045833*^-14, 1.5375021310201182, 
     0.8308052878568619, 0., 0., 0., 0., 0.}, {-1.5112097688588573, 
     1.5112097688588497, -3.852953501917451*^-15, 0.83080528785686, 
     5.8797633382333725, 0., 0., 0., 0., 0.}, {0., 0., 0., 0., 0., 
     0.44377413073477945, -0.004658294571091786, -0.6352862671387874, 
     0.6314877510108714, 0.026026914730315306}, {0., 0., 0., 0., 0., 
     -0.004658294571094019, 0.4437741307347822, -0.6352862671387873, 
     -0.6314877510108728, -0.026026914730314425}, {0., 0., 0., 0., 0., 
     -0.6352862671387877, -0.6352862671387869, 2.4734249797242214, 
     2.6809056791164663*^-15, -2.637109542042905*^-17}, {0., 0., 0., 0., 0., 
     0.6314877510108707, -0.6314877510108734, 2.4824739161431742*^-15, 
     2.4827075343155736, -0.0261958895905227}, {0., 0., 0., 0., 0., 
     0.026026914730316115, -0.026026914730314706, 2.1440139994178977*^-16, 
     -0.0261958895905229, 0.18715514143635156}}, {{9.196274650613917, 
     0.10284108343168089, 2.2941715895749346, -2.2391331742866303, 
     -1.4632209701309014, 0., 0., 0., 0., 0.}, {0.10284108343168115, 
     9.1962746506139, 2.2941715895749315, 2.239133174286627, 
     1.4632209701308945, 0., 0., 0., 0., 0.}, {2.2941715895749346, 
     2.2941715895749324, 1.5171431828712636, 3.0482017146410188*^-15, 
     -4.150454300890639*^-16, 0., 0., 0., 0., 0.}, {-2.2391331742866285, 
     2.239133174286626, -2.14165030404762*^-16, 1.4872585585643796, 
     0.7673312438272666, 0., 0., 0., 0., 0.}, {-1.4632209701308991, 
     1.4632209701308927, -3.261309103447926*^-15, 0.7673312438272673, 
     6.691056636570663, 0., 0., 0., 0., 0.}, {0., 0., 0., 0., 0., 
     0.4272118158089546, -0.003623261484784255, -0.6405360008015013, 
     0.6377666661166015, 0.02107718380540154}, {0., 0., 0., 0., 0., 
     -0.003623261484787517, 0.42721181580895284, -0.6405360008014985, 
     -0.6377666661165966, -0.021077183805401883}, {0., 0., 0., 0., 0., 
     -0.6405360008015023, -0.6405360008014972, 2.596326460646079, 
     -5.164757504866064*^-15, 1.4894908232491407*^-16}, {0., 0., 0., 0., 0., 
     0.6377666661166004, -0.6377666661165975, -5.6196623986199855*^-15, 
     2.6028394353942095, -0.019556388284617903}, {0., 0., 0., 0., 0., 
     0.021077183805402733, -0.02107718380540196, 3.3255822035039954*^-16, 
     -0.019556388284618326, 0.16091440274667493}}, {{9.6245571523084, 
     0.08836168251418987, 2.308593479604893, -2.2634521999963138, 
     -1.381040230865799, 0., 0., 0., 0., 0.}, {0.08836168251419006, 
     9.624557152308412, 2.308593479604889, 2.2634521999963204, 
     1.381040230865805, 0., 0., 0., 0., 0.}, {2.3085934796048897, 
     2.308593479604889, 1.4658867212591071, -5.341947309646242*^-16, 
     -4.524774074232333*^-17, 0., 0., 0., 0., 0.}, {-2.2634521999963164, 
     2.2634521999963177, 1.448633523011037*^-14, 1.4425626129556277, 
     0.6932625563800034, 0., 0., 0., 0., 0.}, {-1.3810402308657994, 
     1.3810402308658045, -7.953711342425674*^-16, 0.6932625563800032, 
     8.014452524676093, 0., 0., 0., 0., 0.}, {0., 0., 0., 0., 0., 
     0.4121942530786265, -0.0025949436072752615, -0.645069145782292, 
     0.6432139242510169, 0.01583694433717867}, {0., 0., 0., 0., 0., 
     -0.002594943607278365, 0.41219425307863555, -0.6450691457822902, 
     -0.6432139242510141, -0.015836944337181674}, {0., 0., 0., 0., 0., 
     -0.6450691457822926, -0.6450691457822897, 2.7139920090669576, 
     1.7971889922580576*^-15, -9.296538505921313*^-16}, {0., 0., 0., 0., 0., 
     0.6432139242510165, -0.6432139242510152, 1.3871333349909976*^-15, 
     2.718142603954953, -0.013447940081237453}, {0., 0., 0., 0., 0., 
     0.015836944337179568, -0.015836944337179873, -4.461483057600643*^-16, 
     -0.013447940081237406, 0.131395858245299}}}
