PHomCutoffNoErrorP = {0.8968574644356159, 0.9079091617422788, 
     0.9212696051527732, 0.9256124844158908, 0.9279778566622219, 
     0.9337978117218689, 0.9345158151210308, 0.9353765385481253, 
     0.9343135149905013, 0.9337087865607705, 0.9353590979431466, 
     0.9347747605943528, 0.934250953292687, 0.9322781842639213, 
     0.9310451419883058, 0.9277074816237184, 0.9261202518008282, 
     0.9232205188167978, 0.9200727442740809, 0.916485739475426, 
     0.9131248554190713, 0.9089895263031069, 0.9056123304760975, 
     0.9010301917957303, 0.8954534401207154, 0.8901779899720537, 
     0.8850350451169451, 0.878153038136261, 0.8720601670464052, 
     0.8069764358438887, 0.7041477627837944, 0.6300608819605684, 
     0.5597621050877819}
PHomCutoffNoErrorP = {0.8686504844598755, 0.9079091617422785, 
     0.9135614351876831, 0.9256124844158906, 0.9279778566622215, 
     0.9337978117218696, 0.9345158151210315, 0.9353765385481254, 
     0.9343135149904993, 0.9337087865607705, 0.9329804815126671, 
     0.9316903643365404, 0.930367768412869, 0.9275229264643318, 
     0.9253653891062692, 0.9210086337034311, 0.9183730961737704, 
     0.9143644857972089, 0.9100784281024807, 0.9053205134457147, 
     0.9008159967558765, 0.8954477581035372, 0.891008346863676, 
     0.8851796906922721, 0.878420863955984, 0.871857969251598, 
     0.865541112168922, 0.8577032002209448, 0.8506213035321609, 
     0.7722775039773466, 0.6794570390929358, 0.6045294838252039, 
     0.5359262536184591}
